0 0.0004013502039015293 34 8.560971764381975e-05 35 0.006486060212886451 0.99
1 0.0003036554262507707 35 0.0003036554262507707 35 0.0014562935320071159 0.99
2 0.0027198176831007004 35 0.0027198176831007004 35 0.004864342633982361 0.99
3 0.0018288837745785713 35 0.0018288837745785713 35 0.021781575261260885 0.99
4 0.0005665734643116593 34 0.00041322942706756294 35 0.0012564899211975561 0.99
5 0.0009568677050992846 20 2.7000074624083936e-05 35 0.004319746981741344 0.99
6 0.001159503823146224 35 0.001159503823146224 35 0.0015824375369028164 0.99
7 0.006079392042011023 35 0.006079392042011023 35 0.10028606921089764 0.99
8 0.0011399268405511975 35 0.0011399268405511975 35 0.007499508095139354 0.99
9 0.0016341753071174026 32 0.0011046433355659246 35 0.00957915644178748 0.99
10 0.05860070511698723 35 0.05860070511698723 35 0.24751237647805724 0.99
11 0.0029674062971025705 21 0.0020790069829672575 35 0.0165355703463724 0.99
12 0.04270913079380989 35 0.04270913079380989 35 0.01167251070405625 0.99
13 0.001683478127233684 35 0.001683478127233684 35 0.01396742495368928 0.99
14 0.002243961673229933 35 0.002243961673229933 35 0.012942527527070362 0.9896
15 0.009667563252151012 35 0.009667563252151012 35 0.03094923318297689 0.9889000000000001
16 0.0038082848768681288 30 0.0029130657203495502 35 0.02920257237184861 0.9882000000000002
17 0.02617006190121174 31 0.009714345447719097 35 0.18088574256442438 0.9875000000000003
18 0.015159152448177338 35 0.015159152448177338 35 0.20690755727742383 0.9868000000000003
19 0.0013283921871334314 35 0.0013283921871334314 35 0.0024924924295000547 0.9861000000000004
20 0.0003724068810697645 35 0.0003724068810697645 35 0.0028877104489451193 0.9854000000000005
21 0.0027844456490129232 35 0.0027844456490129232 35 0.014078131137011287 0.9847000000000006
22 0.007962880656123161 30 0.006769420579075813 35 0.03734509296339449 0.9840000000000007
23 0.0008127529872581363 31 0.000624386069830507 35 0.006745020629619555 0.9833000000000007
24 0.0005846230196766555 26 5.4591560910921544e-05 35 0.013035293742990324 0.9826000000000008
25 0.00214393506757915 35 0.00214393506757915 35 0.010297666148298065 0.9819000000000009
26 0.0002930080518126488 34 0.00023857569613028318 35 0.0017584142147884447 0.981200000000001
27 0.00035654331441037357 35 0.00035654331441037357 35 0.0034164329286707792 0.980500000000001
28 0.0006351563497446477 35 0.0006351563497446477 35 0.0030123287513948217 0.9798000000000011
29 0.00021999765885993838 24 0.00014359140186570585 35 0.007540723354846782 0.9791000000000012
30 0.0073296562768518925 33 0.006079711951315403 35 0.003307087974370757 0.9784000000000013
31 0.014064053073525429 35 0.014064053073525429 35 0.07661550792809904 0.9777000000000013
32 0.0062664407305419445 34 0.005996256601065397 35 0.03915544672999568 0.9770000000000014
33 0.00040517584420740604 25 0.0003740790707524866 35 0.0008363824282564125 0.9763000000000015
34 0.0012215793831273913 32 0.0010360772721469402 35 0.009619239976850302 0.9756000000000016
35 0.007656641770154238 32 0.006592494901269674 35 0.08900433716406889 0.9749000000000017
36 0.004090726841241121 34 0.003099982626736164 35 0.027917304162654324 0.9742000000000017
37 0.00055509532103315 31 9.471924568060786e-05 35 0.011523833769718482 0.9735000000000018
38 0.004763325676321983 32 0.002224521478638053 35 0.048075395769071695 0.9728000000000019
39 0.022424636408686638 29 0.006818738766014576 35 0.003975153130266926 0.972100000000002
40 0.002602687571197748 29 0.0005344099481590092 35 0.03275251148037021 0.971400000000002
41 0.0004502616939134896 35 0.0004502616939134896 35 0.00319601577664041 0.9707000000000021
42 0.0006091412506066263 35 0.0006091412506066263 35 0.003027571922122342 0.9700000000000022
43 0.10354375094175339 34 0.10289041697978973 35 1796.8619637949923 0.9693000000000023
44 0.0050599039532244205 25 0.003951081074774265 35 0.10386207862659451 0.9686000000000023
45 0.018561948090791702 35 0.018561948090791702 35 0.09532479797990173 0.9679000000000024
46 0.04655206575989723 29 0.03959006816148758 35 1.0359079815208132 0.9672000000000025
47 0.0012356746010482311 33 0.001012429827824235 35 0.010652806362488136 0.9665000000000026
48 0.001591711537912488 35 0.001591711537912488 35 0.028117147409088095 0.9658000000000027
49 0.042552925646305084 35 0.042552925646305084 35 0.22058005451753054 0.9651000000000027
50 0.007610260043293238 31 0.005767867900431156 35 0.0613031005995922 0.9644000000000028
51 0.0007824545609764755 28 0.00039625936187803745 35 0.0007167282526311267 0.9637000000000029
52 0.007834806106984615 27 0.0030948915518820286 35 0.060805390353823506 0.963000000000003
53 0.00025872979313135147 32 0.00018403941066935658 35 0.0018883713629549441 0.962300000000003
54 0.01492107380181551 35 0.01492107380181551 35 0.0029863348508715947 0.9616000000000031
55 0.003663528710603714 34 0.0032916523050516844 35 0.034801262385061225 0.9609000000000032
56 0.020003633573651314 32 0.012900032103061676 35 0.04714777428307272 0.9602000000000033
57 0.0031878864392638206 19 0.0015166951343417168 35 0.019201628057618877 0.9595000000000034
58 0.00033197409356944263 35 0.00033197409356944263 35 0.0014230309516913091 0.9588000000000034
59 0.0015174413565546274 32 0.0011200602166354656 35 0.01480815353298541 0.9581000000000035
60 0.05706872418522835 29 0.009897123090922832 35 2832.129049483097 0.9574000000000036
61 0.006955535616725683 35 0.006955535616725683 35 0.004432357950345319 0.9567000000000037
62 0.003154574893414974 34 0.003133813152089715 35 0.03465292801626393 0.9560000000000037
63 0.0024568273220211267 35 0.0024568273220211267 35 0.02020284430846784 0.9553000000000038
64 0.002756200497969985 35 0.002756200497969985 35 0.026863118280969697 0.9546000000000039
65 0.014868877828121185 35 0.014868877828121185 35 0.0266197907732629 0.953900000000004
66 0.007931395433843136 35 0.007931395433843136 35 0.047039322420329245 0.953200000000004
67 0.01109109167009592 35 0.01109109167009592 35 0.0570113749660662 0.9525000000000041
68 0.001358972629532218 34 0.0013125197729095817 35 0.011537483352574597 0.9518000000000042
69 0.0005000392557121813 21 0.0002427777071716264 35 0.017447552992477383 0.9511000000000043
70 0.008446753025054932 29 0.00337139586918056 35 0.16550094473222704 0.9504000000000044
71 0.00702739367261529 35 0.00702739367261529 35 0.040309301503749714 0.9497000000000044
72 0.0004880745254922658 35 0.0004880745254922658 35 0.001731584256509979 0.9490000000000045
73 0.004604558926075697 33 0.0016111030708998442 35 0.03352628485097134 0.9483000000000046
74 0.0622648224234581 35 0.0622648224234581 35 415.39406437592277 0.9476000000000047
75 0.003426114097237587 28 0.0006326290895231068 35 0.023132023578584276 0.9469000000000047
76 0.006166263483464718 35 0.006166263483464718 35 0.030665184818312496 0.9462000000000048
77 0.001523591228760779 35 0.001523591228760779 35 0.005087650739479553 0.9455000000000049
78 0.013064113445580006 33 0.011956468224525452 35 0.06858447803920577 0.944800000000005
79 0.004582558758556843 33 0.0016118853818625212 35 0.029212686463355272 0.944100000000005
80 0.0007377750007435679 35 0.0007377750007435679 35 0.006124092607975943 0.9434000000000051
81 0.009445952251553535 35 0.009445952251553535 35 0.02460753625237436 0.9427000000000052
82 0.006955310702323914 35 0.006955310702323914 35 0.010705698147696188 0.9420000000000053
83 0.004602466709911823 35 0.004602466709911823 35 0.03984624033422951 0.9413000000000054
84 0.002365279244259 34 0.0022873624693602324 35 0.01540005253088796 0.9406000000000054
85 0.009538919664919376 33 0.005305904429405928 35 0.09469744958255955 0.9399000000000055
86 0.0022982642985880375 32 0.0002314894663868472 35 0.007256078202162024 0.9392000000000056
87 0.0013197906082496047 35 0.0013197906082496047 35 0.0033053899351277176 0.9385000000000057
88 0.025130074471235275 25 0.0005557487020269036 35 0.06897666479232387 0.9378000000000057
89 0.007339274510741234 35 0.007339274510741234 35 0.0702068145884481 0.9371000000000058
90 0.0005688282544724643 35 0.0005688282544724643 35 0.00808152777217595 0.9364000000000059
91 0.007176137994974852 35 0.007176137994974852 35 0.03310388803277402 0.935700000000006
92 0.003929343074560165 35 0.003929343074560165 35 0.0046053811091199895 0.935000000000006
93 0.0006457220297306776 26 0.00044205685844644904 35 0.009229767840082096 0.9343000000000061
94 0.0002515304659027606 33 0.00018546564388088882 35 0.0021262947705028047 0.9336000000000062
95 0.002097948221489787 35 0.002097948221489787 35 0.006127246933898965 0.9329000000000063
96 0.0010420498438179493 35 0.0010420498438179493 35 0.009971196143775164 0.9322000000000064
97 0.0007207671878859401 35 0.0007207671878859401 35 0.0031908948056723714 0.9315000000000064
98 0.0012939679436385632 33 0.00017012287571560591 35 0.00497823047639232 0.9308000000000065
99 0.017048271372914314 25 0.011309531517326832 35 0.3877008654029534 0.9301000000000066
100 0.0031225981656461954 33 0.0024605332873761654 35 0.022517947789655848 0.9294000000000067
101 0.001053685904480517 35 0.001053685904480517 35 0.01169813851303757 0.9287000000000067
102 0.007018477190285921 26 0.002717324998229742 35 0.08569591531800558 0.9280000000000068
103 0.000287732487777248 33 7.231569179566577e-05 35 0.0007416369200837673 0.9273000000000069
104 0.016072876751422882 35 0.016072876751422882 35 0.15010979876563088 0.926600000000007
105 0.00254255929030478 32 0.0019502878421917558 35 0.01666962521207761 0.925900000000007
106 0.006069594994187355 35 0.006069594994187355 35 0.08972002492592841 0.9252000000000071
107 0.0024942541494965553 29 0.00014545279555022717 35 0.019128181208679675 0.9245000000000072
108 0.016267379745841026 35 0.016267379745841026 35 0.06532989235810169 0.9238000000000073
109 0.00992182083427906 29 0.008669314906001091 35 0.18334881215397258 0.9231000000000074
110 0.008690101094543934 35 0.008690101094543934 35 0.06257360115464011 0.9224000000000074
111 0.04750958830118179 35 0.04750958830118179 35 0.2714663694772711 0.9217000000000075
112 0.002567460760474205 31 0.0016853117849677801 35 0.016501407256120138 0.9210000000000076
113 0.0022579075302928686 35 0.0022579075302928686 35 0.008476699481881796 0.9203000000000077
114 0.005662980023771524 35 0.005662980023771524 35 0.04350310342859069 0.9196000000000077
115 0.0007618892705067992 32 0.0006328304880298674 35 0.006805914506772761 0.9189000000000078
116 0.0117076076567173 35 0.0117076076567173 35 0.03578895842873582 0.9182000000000079
117 0.0010754407849162817 35 0.0010754407849162817 35 0.010632873742777667 0.917500000000008
118 0.0007708841585554183 31 0.0007091097068041563 35 0.007646332439790262 0.916800000000008
119 0.0015173123683780432 35 0.0015173123683780432 35 0.008294817900968128 0.9161000000000081
120 0.003209831193089485 35 0.003209831193089485 35 0.006873030588777765 0.9154000000000082
121 0.0007707771146669984 32 0.0006740746321156621 35 0.006532493525229185 0.9147000000000083
122 0.001196251600049436 35 0.001196251600049436 35 0.005202753527046518 0.9140000000000084
123 0.018052345141768456 35 0.018052345141768456 35 0.01738478779757457 0.9133000000000084
124 0.020404575392603874 31 0.016698628664016724 35 0.1407372525995988 0.9126000000000085
125 0.006378580816090107 35 0.006378580816090107 35 0.041023287548219066 0.9119000000000086
126 0.006767233368009329 35 0.006767233368009329 35 0.05883676015225225 0.9112000000000087
127 0.008834775537252426 35 0.008834775537252426 35 0.05716952768686424 0.9105000000000087
128 0.0076140048913657665 35 0.0076140048913657665 35 0.03417465236145867 0.9098000000000088
129 0.005348391830921173 21 0.0018669202690944076 35 0.09054912391302633 0.9091000000000089
130 0.002536096842959523 32 0.001534792478196323 35 0.02069859922348489 0.908400000000009
131 0.0009376608650200069 26 0.0004601190739776939 35 0.0075903069038217395 0.907700000000009
132 0.014150064438581467 35 0.014150064438581467 35 0.042879431999954046 0.9070000000000091
133 0.020447667688131332 35 0.020447667688131332 35 0.13253745501206884 0.9063000000000092
134 0.015563882887363434 35 0.015563882887363434 35 0.1164687301416164 0.9056000000000093
135 0.0027508344501256943 32 0.002532601123675704 35 0.020675370234306295 0.9049000000000094
136 0.0035548885352909565 33 0.0021807062439620495 35 0.002375715140007023 0.9042000000000094
137 0.002244122326374054 35 0.002244122326374054 35 0.009354566220368623 0.9035000000000095
138 0.003777633886784315 26 0.00014557481335941702 35 0.006485614237897182 0.9028000000000096
139 0.0011291649425402284 35 0.0011291649425402284 35 0.001290979717973004 0.9021000000000097
140 0.002308804541826248 30 0.0014240011805668473 35 0.01596248677269222 0.9014000000000097
141 9.764696733327582e-05 22 9.05838533071801e-06 35 0.0004532210963260705 0.9007000000000098
142 0.007420630194246769 35 0.007420630194246769 35 0.020680934120961097 0.9000000000000099
143 0.011527244932949543 31 0.0043241530656814575 35 0.07191545060572875 0.89930000000001
144 0.00990532897412777 24 0.003985291346907616 35 0.05588948147666599 0.8986000000000101
145 0.00044919466017745435 32 1.9352272673245352e-08 35 0.002755162045584817 0.8979000000000101
146 0.010191108100116253 34 0.009392608888447285 35 0.06898268832313899 0.8972000000000102
147 0.03237517923116684 35 0.03237517923116684 35 0.06401668982500294 0.8965000000000103
148 0.0006128272507339716 32 0.00030611688271164894 35 0.010669336169161348 0.8958000000000104
149 0.009191944263875484 33 0.006483566947281361 35 0.029866972801906314 0.8951000000000104
150 0.007794900797307491 34 0.00672362744808197 35 0.112337537814161 0.8944000000000105
151 0.016795186325907707 35 0.016795186325907707 35 0.10123134790285908 0.8937000000000106
152 0.03642747551202774 29 0.03179178759455681 35 0.1499075559412257 0.8930000000000107
153 3.974785067839548e-05 35 3.974785067839548e-05 35 2.4344010251858908e-05 0.8923000000000108
154 0.0014314180007204413 29 0.0010047423420473933 35 0.01790820890508495 0.8916000000000108
155 0.010621871799230576 35 0.010621871799230576 35 0.015262724225738685 0.8909000000000109
156 0.0008713000570423901 30 0.0006258405628614128 35 0.015204094859310867 0.890200000000011
157 0.001026425277814269 35 0.001026425277814269 35 0.0028370103510722672 0.8895000000000111
158 0.018671276047825813 31 0.0015549884410575032 35 0.10299348193430946 0.8888000000000111
159 0.0005317911272868514 23 0.0005191438249312341 35 0.0023521651388560107 0.8881000000000112
160 0.01126454770565033 25 0.002630891976878047 35 0.12984052003813504 0.8874000000000113
161 0.006843866314738989 35 0.006843866314738989 35 0.028466008886448582 0.8867000000000114
162 0.010179426521062851 35 0.010179426521062851 35 0.0768328992841959 0.8860000000000114
163 0.00021915372053626925 35 0.00021915372053626925 35 0.0019293401877427852 0.8853000000000115
164 0.0001404797803843394 29 0.00012286908167880028 35 0.0016365427998943293 0.8846000000000116
165 0.004695196636021137 30 0.002336433157324791 35 0.10837343318827572 0.8839000000000117
166 0.0043562171049416065 35 0.0043562171049416065 35 0.023082158401104634 0.8832000000000118
167 0.005314075853675604 35 0.005314075853675604 35 0.006608292291313317 0.8825000000000118
168 0.00043025004561059177 35 0.00043025004561059177 35 0.002597542135512042 0.8818000000000119
169 0.11698009073734283 35 0.11698009073734283 35 0.405113981955439 0.881100000000012
170 0.0005714885774068534 16 0.00010149919398827478 35 0.00601735746432361 0.8804000000000121
171 0.0019214678322896361 35 0.0019214678322896361 35 0.015409777157079111 0.8797000000000121
172 0.01344186719506979 35 0.01344186719506979 35 0.045026499119751456 0.8790000000000122
173 0.004410121124237776 32 0.003731256350874901 35 0.03068058647882162 0.8783000000000123
174 0.0009474912076257169 33 0.0009403774165548384 35 0.004433841623321273 0.8776000000000124
175 0.23627692461013794 35 0.23627692461013794 35 2306.5584354686493 0.8769000000000124
176 0.003267422318458557 35 0.003267422318458557 35 0.01047073293044096 0.8762000000000125
177 0.001344290329143405 26 0.0009317916119471192 35 0.02243532184465405 0.8755000000000126
178 0.005502391140908003 32 0.0019115207251161337 35 0.01356021614763143 0.8748000000000127
179 0.004985636565834284 32 0.0014976093079894781 35 0.030919697875002476 0.8741000000000128
180 0.00038744977791793644 35 0.00038744977791793644 35 0.006408732243418486 0.8734000000000128
181 0.02362312190234661 31 0.020638184621930122 35 0.1294539583108783 0.8727000000000129
182 0.018539058044552803 31 0.012849685736000538 35 0.10209710888237804 0.872000000000013
183 0.0024200747720897198 35 0.0024200747720897198 35 0.008574889644489193 0.8713000000000131
184 0.0003902481694240123 35 0.0003902481694240123 35 0.0011088636933397238 0.8706000000000131
185 0.0043063391931355 35 0.0043063391931355 35 0.06565036349604808 0.8699000000000132
186 0.001300130970776081 33 0.0005574993556365371 35 0.007344087874606767 0.8692000000000133
187 0.0017081868136301637 23 0.0004257924447301775 35 0.022724071020742344 0.8685000000000134
188 0.007374734617769718 33 0.005027491599321365 35 0.05695132661000425 0.8678000000000134
189 0.005889040417969227 35 0.005889040417969227 35 0.0012186673865104052 0.8671000000000135
190 0.004333727061748505 32 0.0020235078409314156 35 0.011416098265306632 0.8664000000000136
191 0.011670787818729877 35 0.011670787818729877 35 0.056886581471317595 0.8657000000000137
192 0.02451813779771328 35 0.02451813779771328 35 0.08456642445964624 0.8650000000000138
193 0.002542015165090561 32 0.0024772437755018473 35 0.01682999907417096 0.8643000000000138
194 0.007229097653180361 34 0.006932193413376808 35 0.09550715394476177 0.8636000000000139
195 0.0019437146838754416 25 0.0007075594621710479 35 0.01311534252437569 0.862900000000014
196 0.006557793356478214 32 0.006326690316200256 35 0.028151440134740153 0.8622000000000141
197 0.00044933921890333295 35 0.00044933921890333295 35 0.007938171898864144 0.8615000000000141
198 0.009486067108809948 35 0.009486067108809948 35 0.037921911784532455 0.8608000000000142
199 0.0031563974916934967 35 0.0031563974916934967 35 0.011049414472174848 0.8601000000000143
200 0.006674930918961763 35 0.006674930918961763 35 0.04077481829332671 0.8594000000000144
201 4.4497814087662846e-05 35 4.4497814087662846e-05 35 0.00038759032646900303 0.8587000000000145
202 0.0023941698018461466 35 0.0023941698018461466 35 0.0035458575669586774 0.8580000000000145
203 0.0001371670950902626 21 6.17247715126723e-05 35 0.0006067413435071861 0.8573000000000146
204 0.0248422734439373 34 0.02478366158902645 35 0.46501580947230037 0.8566000000000147
205 0.0063380589708685875 35 0.0063380589708685875 35 0.10900812651021582 0.8559000000000148
206 0.000967065745498985 28 0.0005475818761624396 35 0.004982101068972223 0.8552000000000148
207 0.0013305339962244034 30 0.000745061319321394 35 0.010311752598290994 0.8545000000000149
208 0.0021589447278529406 35 0.0021589447278529406 35 0.006297352280553569 0.853800000000015
209 0.0022825519554316998 35 0.0022825519554316998 35 0.0049619034164631185 0.8531000000000151
210 0.005118719767779112 23 0.002466184552758932 35 0.04823100925769891 0.8524000000000151
211 0.004049717448651791 35 0.004049717448651791 35 0.05815396600584613 0.8517000000000152
212 0.007058778777718544 35 0.007058778777718544 35 0.05784714600705751 0.8510000000000153
213 0.0038617129903286695 32 0.0031205208506435156 35 0.007379214097780303 0.8503000000000154
214 0.00418034428730607 35 0.00418034428730607 35 0.02962394036412975 0.8496000000000155
215 0.0017889657756313682 35 0.0017889657756313682 35 0.005558322460819153 0.8489000000000155
216 0.0014168813358992338 34 0.0013775741681456566 35 0.005350253522131598 0.8482000000000156
217 0.00011015326163033023 19 0.00010483848745934665 35 0.0027881378788387743 0.8475000000000157
218 0.0007558444631285965 35 0.0007558444631285965 35 0.00333317189629314 0.8468000000000158
219 0.00233541545458138 35 0.00233541545458138 35 0.020585030784365486 0.8461000000000158
220 0.00010989485599566251 34 0.00010895613377215341 35 0.0008804886898625876 0.8454000000000159
221 0.06453815847635269 35 0.06453815847635269 35 1797.1770086625093 0.844700000000016
222 0.004384687636047602 35 0.004384687636047602 35 0.013771607589686957 0.8440000000000161
223 0.0005990017671138048 33 0.0001002945500658825 35 0.003735351712785633 0.8433000000000161
224 0.003960030153393745 28 0.0011571669019758701 35 0.03369016841614085 0.8426000000000162
225 0.009784752503037453 30 0.009463339112699032 35 0.09437163355838574 0.8419000000000163
226 0.018960632383823395 24 0.017744801938533783 35 0.2796038780950187 0.8412000000000164
227 0.00024970003869384527 35 0.00024970003869384527 35 0.0004921646860439278 0.8405000000000165
228 0.0018387145828455687 32 0.0012582188937813044 35 0.02200205820960303 0.8398000000000165
229 0.0027772332541644573 35 0.0027772332541644573 35 0.01959448121658332 0.8391000000000166
230 0.017250332981348038 35 0.017250332981348038 35 0.07407467347498042 0.8384000000000167
231 0.0014707212103530765 28 0.0003612407308537513 35 0.006668469498743958 0.8377000000000168
232 0.0005613382672891021 17 0.00022597289353143424 35 0.0059897695914892775 0.8370000000000168
233 0.0029782531782984734 35 0.0029782531782984734 35 0.017814125502878746 0.8363000000000169
234 0.0009068240178748965 31 0.0008912848425097764 35 0.002718347122631566 0.835600000000017
235 0.0005399324581958354 33 0.00021355591889005154 35 0.00311644700704093 0.8349000000000171
236 0.015657735988497734 32 0.013900987803936005 35 0.028589301395622237 0.8342000000000172
237 0.0009031685185618699 29 0.000781252805609256 35 0.00954122116897332 0.8335000000000172
238 0.0027210202533751726 35 0.0027210202533751726 35 0.05975147426057864 0.8328000000000173
239 0.004443942569196224 35 0.004443942569196224 35 0.018216019032186552 0.8321000000000174
240 0.0013238063547760248 35 0.0013238063547760248 35 0.005346541266323383 0.8314000000000175
241 0.002301551401615143 31 0.000448710226919502 35 0.012860475890266183 0.8307000000000175
242 0.015656152740120888 30 0.006053242366760969 35 0.08878581807317766 0.8300000000000176
243 0.0024011442437767982 35 0.0024011442437767982 35 0.03353613543890989 0.8293000000000177
244 0.0011779724154621363 33 0.0006569524994120002 35 0.0013327611884631288 0.8286000000000178
245 0.0003761627885978669 32 0.0003402486618142575 35 0.005393327649185463 0.8279000000000178
246 0.005000795237720013 33 0.001417239778675139 35 0.02932924201150538 0.8272000000000179
247 0.002392560476437211 35 0.002392560476437211 35 0.03196809807992482 0.826500000000018
248 0.019371649250388145 35 0.019371649250388145 35 0.0555253551385966 0.8258000000000181
249 0.0011569319758564234 35 0.0011569319758564234 35 0.005475529933445378 0.8251000000000182
250 0.000223890136112459 29 8.58736748341471e-05 35 0.0012874602663219626 0.8244000000000182
251 0.010106063447892666 35 0.010106063447892666 35 0.031600206578522486 0.8237000000000183
252 0.004192537162452936 35 0.004192537162452936 35 0.024706860533106424 0.8230000000000184
253 0.0009592897840775549 34 0.0007616565562784672 35 0.0015420405484780572 0.8223000000000185
254 6.0241476603550836e-05 35 6.0241476603550836e-05 35 0.00019385689870162726 0.8216000000000185
255 0.004260888323187828 27 9.367929305881262e-05 35 0.02463111574211829 0.8209000000000186
256 0.005116486921906471 34 0.004960954654961824 35 0.0563450055616433 0.8202000000000187
257 0.0009266194538213313 31 7.689211633987725e-05 35 0.007988909984089763 0.8195000000000188
258 0.0007804558263160288 35 0.0007804558263160288 35 0.0036067591727245336 0.8188000000000188
259 0.0005065645673312247 35 0.0005065645673312247 35 0.0023792829256767418 0.8181000000000189
260 0.005971407052129507 29 0.0033731230068951845 35 0.009661807041433835 0.817400000000019
261 0.0019314532401040196 35 0.0019314532401040196 35 0.010944605696847005 0.8167000000000191
262 0.0015342162223532796 35 0.0015342162223532796 35 0.007966027064752287 0.8160000000000192
263 0.0008496386581100523 35 0.0008496386581100523 35 0.012966389654394922 0.8153000000000192
264 0.005041107069700956 35 0.005041107069700956 35 0.06979960490578989 0.8146000000000193
265 0.0010207660961896181 35 0.0010207660961896181 35 0.006396072624174662 0.8139000000000194
266 0.0006175012676976621 35 0.0006175012676976621 35 0.0034673299367295315 0.8132000000000195
267 0.0005519443075172603 35 0.0005519443075172603 35 0.001356696850764223 0.8125000000000195
268 0.0023062920663505793 19 0.000672711874358356 35 0.025204729288351477 0.8118000000000196
269 0.000473622465506196 19 8.106920722639188e-05 35 0.006522319053943004 0.8111000000000197
270 0.04776020348072052 28 0.02341141365468502 35 0.5751587148104156 0.8104000000000198
271 0.0007943949894979596 31 0.00028696865774691105 35 0.0105760945983382 0.8097000000000198
272 0.0012739476514980197 22 0.000458345515653491 35 0.011930613653244628 0.8090000000000199
273 0.0036222112830728292 33 0.0018802431877702475 35 0.0119463573316952 0.80830000000002
274 0.08769044280052185 35 0.08769044280052185 35 0.07202039817043217 0.8076000000000201
275 0.00703518558293581 31 0.004433188587427139 35 0.08923512983933396 0.8069000000000202
276 0.0038515678606927395 35 0.0038515678606927395 35 0.027094027217158242 0.8062000000000202
277 0.0007445577648468316 35 0.0007445577648468316 35 0.007170574853558016 0.8055000000000203
278 0.0008028074516914785 35 0.0008028074516914785 35 0.004706971066302632 0.8048000000000204
279 0.0011002784594893456 32 0.000660926045384258 35 0.014939356296032318 0.8041000000000205
280 0.0016373882535845041 33 0.0014375461032614112 35 0.004807544638931197 0.8034000000000205
281 0.001771646668203175 35 0.001771646668203175 35 0.008298332782085735 0.8027000000000206
282 9.149706602329388e-05 30 4.266705218469724e-05 35 0.000787871479669795 0.8020000000000207
283 0.001179387210868299 35 0.001179387210868299 35 0.015741138021472374 0.8013000000000208
284 0.0003310452157165855 35 0.0003310452157165855 35 0.0036503173647199376 0.8006000000000209
285 0.022916918620467186 34 0.02269953489303589 35 0.12008032033823988 0.7999000000000209
286 0.003594274865463376 35 0.003594274865463376 35 0.028540085172301107 0.799200000000021
287 0.005103817209601402 35 0.005103817209601402 35 0.015549839706457076 0.7985000000000211
288 0.0013827605871483684 33 0.0007730708457529545 35 0.009437951042043388 0.7978000000000212
289 0.001524646650068462 35 0.001524646650068462 35 0.015781183457850234 0.7971000000000212
290 0.003040522336959839 28 0.0023087665904313326 35 0.04928990436713786 0.7964000000000213
291 0.07717717438936234 33 0.0716121643781662 35 0.2922095853491927 0.7957000000000214
292 0.002403112594038248 35 0.002403112594038248 35 0.018459103685200758 0.7950000000000215
293 0.0001842778583522886 19 3.529003879521042e-05 35 0.0009434510836570949 0.7943000000000215
294 0.006347005255520344 35 0.006347005255520344 35 0.011819254751014766 0.7936000000000216
295 0.002164099831134081 35 0.002164099831134081 35 0.009196052258155934 0.7929000000000217
296 0.02146143838763237 28 0.0005331746069714427 35 0.11648703484507329 0.7922000000000218
297 0.00038963367114774883 27 4.7778026782907546e-05 35 0.0023171205046232 0.7915000000000219
298 0.001474082819186151 35 0.001474082819186151 35 0.0026998802782944955 0.7908000000000219
299 0.0021384088322520256 35 0.0021384088322520256 35 0.00633378101563702 0.790100000000022
300 0.003032958135008812 35 0.003032958135008812 35 0.00848396369469295 0.7894000000000221
301 0.019502319395542145 35 0.019502319395542145 35 0.004441305791089683 0.7887000000000222
302 0.001983150839805603 31 0.0018195562297478318 35 0.009884075588127053 0.7880000000000222
303 0.00564970076084137 24 0.001044956617988646 35 0.08361074914757498 0.7873000000000223
304 0.0013928007101640105 30 0.0005571575602516532 35 0.02384965779696023 0.7866000000000224
305 0.00015543271729256958 32 5.577370757237077e-05 35 0.0004901643717137844 0.7859000000000225
306 0.01602831482887268 34 0.010219327174127102 35 0.10389986735241799 0.7852000000000225
307 0.005152659025043249 35 0.005152659025043249 35 0.01544029455497978 0.7845000000000226
308 0.0008049294701777399 25 0.0008038637461140752 35 0.0035612186519140233 0.7838000000000227
309 0.07113052159547806 35 0.07113052159547806 35 0.044440322771927186 0.7831000000000228
310 0.0030117304995656013 30 0.0026417584158480167 35 0.05269579353060756 0.7824000000000229
311 0.0005897635128349066 27 0.00011910968169104308 35 0.006392336256687252 0.7817000000000229
312 0.00048747839173302054 35 0.00048747839173302054 35 0.0027223412778044852 0.781000000000023
313 0.0025294192600995302 32 0.0007592366309836507 35 0.0017056219016788068 0.7803000000000231
314 0.0006430007051676512 22 0.0002576557162683457 35 0.01376805508323066 0.7796000000000232
315 0.0022126545663923025 35 0.0022126545663923025 35 0.006458072674195719 0.7789000000000232
316 0.003658529371023178 33 0.002263634232804179 35 0.02758014245269634 0.7782000000000233
317 0.010921060107648373 35 0.010921060107648373 35 0.09323208226999627 0.7775000000000234
318 0.00021318811923265457 30 4.955211261403747e-05 35 0.00044617577832394803 0.7768000000000235
319 0.00017185925389640033 31 0.00015908802743069828 35 0.0022574444046141832 0.7761000000000235
320 0.0036473998334258795 32 0.0008913479978218675 35 0.007066882324976626 0.7754000000000236
321 0.0009907999774441123 31 0.00026321900077164173 35 0.007291971484037086 0.7747000000000237
322 0.0013419764582067728 34 0.0010572519386187196 35 0.015354467879320117 0.7740000000000238
323 0.0004769820661749691 30 0.0002660395985003561 35 0.0031978593087308165 0.7733000000000239
324 0.009125183336436749 27 0.005550496745854616 35 0.10230245499513396 0.7726000000000239
325 0.0023362115025520325 35 0.0023362115025520325 35 0.0282122854050845 0.771900000000024
326 0.0006512743420898914 35 0.0006512743420898914 35 0.013282057367511441 0.7712000000000241
327 0.0018960649613291025 21 2.685682829906e-06 35 0.03505610619731829 0.7705000000000242
328 0.0033528110943734646 33 0.0018968954682350159 35 0.04780687823225496 0.7698000000000242
329 0.00614799652248621 28 0.004544781520962715 35 0.1047581522539038 0.7691000000000243
330 0.001189055503346026 21 0.001030329498462379 35 0.01721851552766496 0.7684000000000244
331 0.010145166888833046 28 0.00096759112784639 35 0.12269551663135315 0.7677000000000245
332 0.010852372273802757 29 0.009019440039992332 35 0.13797765663795278 0.7670000000000246
333 0.002101306803524494 35 0.002101306803524494 35 0.006633931448619785 0.7663000000000246
334 0.0003548361419234425 31 9.20377642614767e-05 35 0.003245834733188739 0.7656000000000247
335 0.0047436244785785675 35 0.0047436244785785675 35 0.025744349378738332 0.7649000000000248
336 0.0017948450986295938 35 0.0017948450986295938 35 0.009929475015057131 0.7642000000000249
337 0.027394339442253113 35 0.027394339442253113 35 0.14297720103072378 0.7635000000000249
338 0.020253300666809082 35 0.020253300666809082 35 0.0683493804686033 0.762800000000025
339 0.003722079796716571 35 0.003722079796716571 35 0.006982973348574436 0.7621000000000251
340 0.004778373520821333 35 0.004778373520821333 35 0.023333057908475126 0.7614000000000252
341 0.008691417053341866 25 0.0035736998543143272 35 0.10516928515746751 0.7607000000000252
342 0.004183323122560978 30 0.0027547518257051706 35 0.049268645511235845 0.7600000000000253
343 0.0005735101294703782 31 0.0005376579938456416 35 0.004461103172287989 0.7593000000000254
344 8.166814222931862e-05 21 4.454813461052254e-05 35 0.0008855536685521836 0.7586000000000255
345 0.004014053847640753 30 0.00035517054493539035 35 0.05202598554313524 0.7579000000000256
346 0.008126887492835522 35 0.008126887492835522 35 0.016346881619741637 0.7572000000000256
347 0.010265587829053402 34 0.009397079236805439 35 0.07066129373836609 0.7565000000000257
348 0.016488490626215935 35 0.016488490626215935 35 0.15576506908578505 0.7558000000000258
349 0.0014159369748085737 29 0.0011447642464190722 35 0.020815682424695368 0.7551000000000259
350 0.009295823983848095 27 0.005923218093812466 35 0.0959534898614714 0.7544000000000259
351 0.0034189142752438784 34 0.00223888480104506 35 0.010159522576688647 0.753700000000026
352 0.0012579525355249643 35 0.0012579525355249643 35 0.009863639580795155 0.7530000000000261
353 0.0009726648568175733 30 0.00029158685356378555 35 0.018102765702552606 0.7523000000000262
354 0.010286067612469196 29 0.0016023727366700768 35 0.10827013756024009 0.7516000000000262
355 0.00023250910453498363 30 5.7112261856673285e-05 35 0.0015561792747877763 0.7509000000000263
356 0.0021020760759711266 24 0.0004658852412831038 35 0.022797762571762952 0.7502000000000264
357 0.015483232215046883 35 0.015483232215046883 35 0.07680236567353188 0.7495000000000265
358 0.0017348260153084993 33 0.0014974384102970362 35 0.02342960090423012 0.7488000000000266
359 0.00199233740568161 35 0.00199233740568161 35 0.010853228009047833 0.7481000000000266
360 0.003973853774368763 35 0.003973853774368763 35 0.0016844456450476046 0.7474000000000267
361 0.0009194062440656126 35 0.0009194062440656126 35 0.009430338823337514 0.7467000000000268
362 0.0023165589664131403 35 0.0023165589664131403 35 0.013832269382217169 0.7460000000000269
363 0.00040354797965846956 25 6.724653212586418e-05 35 0.003077880734891864 0.7453000000000269
364 0.0002916254452429712 32 0.00025988215929828584 35 0.002409723752288777 0.744600000000027
365 0.0018898213747888803 35 0.0018898213747888803 35 0.011410524690890043 0.7439000000000271
366 0.0078965425491333 34 0.007790763862431049 35 0.06122130333915736 0.7432000000000272
367 0.0005810020375065506 29 0.0003046290366910398 35 0.005941335800878587 0.7425000000000272
368 7.059312338242307e-05 19 5.757895905844634e-06 35 0.002034295423458327 0.7418000000000273
369 0.0006874285754747689 35 0.0006874285754747689 35 0.0033168325729983103 0.7411000000000274
370 0.020393317565321922 35 0.020393317565321922 35 0.09651793296599764 0.7404000000000275
371 0.013709116727113724 22 0.01326094288378954 35 0.027081544232375437 0.7397000000000276
372 0.0007872104179114103 35 0.0007872104179114103 35 0.003090923826623529 0.7390000000000276
373 0.0023031625896692276 27 0.0013464519288390875 35 0.030377958815662756 0.7383000000000277
374 0.06854803115129471 35 0.06854803115129471 35 0.2285905485359942 0.7376000000000278
375 0.0020431873854249716 35 0.0020431873854249716 35 0.009304455491804583 0.7369000000000279
376 0.005481119267642498 35 0.005481119267642498 35 0.033325696909746995 0.7362000000000279
377 0.0005826122942380607 35 0.0005826122942380607 35 0.006118225241930078 0.735500000000028
378 0.004098985809832811 32 0.0017624207539483905 35 0.09653140864661101 0.7348000000000281
379 0.0012330819154158235 35 0.0012330819154158235 35 0.009029867064429502 0.7341000000000282
380 0.001460614032112062 35 0.001460614032112062 35 0.007520691182764748 0.7334000000000283
381 0.0003135438892059028 32 0.00017099652905017138 35 0.0012020798267083348 0.7327000000000283
382 0.005477400496602058 28 0.0006293932674452662 35 0.02943194254594885 0.7320000000000284
383 0.0011174334213137627 31 0.00040197293856181204 35 0.01102803364392384 0.7313000000000285
384 0.0005731008131988347 35 0.0005731008131988347 35 0.002627260633434248 0.7306000000000286
385 0.00049303361447528 24 0.0003071102546527982 35 0.004665997825282514 0.7299000000000286
386 0.0003928857040591538 24 0.00013671668421011418 35 0.003653896005396706 0.7292000000000287
387 0.00014644920884165913 33 9.602310456102714e-05 35 0.0025449968560204493 0.7285000000000288
388 0.004895880352705717 35 0.004895880352705717 35 0.021970376775546353 0.7278000000000289
389 0.0005103891016915441 21 0.0003789585316553712 35 0.010564091311197042 0.727100000000029
390 0.017043519765138626 35 0.017043519765138626 35 0.0030948585548327824 0.726400000000029
391 0.0033851147163659334 28 0.003025048179551959 35 0.010390258070855023 0.7257000000000291
392 0.003555808449164033 34 0.0034149251878261566 35 0.032033336521727615 0.7250000000000292
393 0.001389970537275076 35 0.001389970537275076 35 0.00403168460087334 0.7243000000000293
394 0.02059515193104744 35 0.02059515193104744 35 0.08743071984049777 0.7236000000000293
395 0.002040727296844125 35 0.002040727296844125 35 0.018148898773898414 0.7229000000000294
396 0.015696723014116287 35 0.015696723014116287 35 0.06868072965497289 0.7222000000000295
397 0.1060132309794426 30 0.05039035901427269 35 4872.176431469435 0.7215000000000296
398 0.0009346029255539179 35 0.0009346029255539179 35 0.004940346129720919 0.7208000000000296
399 3.7476143916137516e-05 27 1.2579992471728474e-05 35 0.0009034599230883767 0.7201000000000297
400 9.912867972161621e-05 35 9.912867972161621e-05 35 0.001251163210610153 0.7194000000000298
401 0.0010072579607367516 35 0.0010072579607367516 35 0.0005718552839657148 0.7187000000000299
402 0.00041019314085133374 34 0.00020049451268278062 35 0.0024314819953471702 0.71800000000003
403 0.0015233333688229322 25 0.0002551451325416565 35 0.0008906062797876549 0.71730000000003
404 0.0070714992471039295 35 0.0070714992471039295 35 0.01296627222458998 0.7166000000000301
405 0.014235307462513447 32 0.012565660290420055 35 0.061338510538062434 0.7159000000000302
406 0.025709278881549835 32 0.02115139551460743 35 0.16304268960021634 0.7152000000000303
407 0.0017241885652765632 31 0.0012985889334231615 35 0.03271314198891507 0.7145000000000303
408 0.00938909500837326 33 0.00915619358420372 35 0.023746746364136675 0.7138000000000304
409 0.0024943742901086807 32 0.00160312803927809 35 0.02760741808090559 0.7131000000000305
410 0.0001919180213008076 35 0.0001919180213008076 35 0.001265930628395359 0.7124000000000306
411 0.004145784769207239 33 0.0021483611781150103 35 0.02551162144095816 0.7117000000000306
412 5.189222429180518e-05 35 5.189222429180518e-05 35 0.001230090166435141 0.7110000000000307
413 0.0029040086083114147 33 0.0022880523465573788 35 0.012300813977849006 0.7103000000000308
414 0.01111078541725874 23 0.00014671802637167275 35 0.1477217949321989 0.7096000000000309
415 0.011408351361751556 33 0.0082547040656209 35 0.18905763573616832 0.708900000000031
416 0.0070598372258245945 29 0.002500253263860941 35 0.04573406716813813 0.708200000000031
417 0.0028424332849681377 34 0.0022108773700892925 35 0.01926791346694262 0.7075000000000311
418 0.003218261059373617 33 0.0031329954508692026 35 0.0014030136048984192 0.7068000000000312
419 0.010589858517050743 34 0.008301185443997383 35 0.015987540447830677 0.7061000000000313
420 0.00212526461109519 33 0.0010813225526362658 35 0.009824961708905252 0.7054000000000313
421 0.0017947597661986947 35 0.0017947597661986947 35 0.007563589717521648 0.7047000000000314
422 0.001007622922770679 31 6.883411697344854e-05 35 0.005993615392632532 0.7040000000000315
423 0.0015999441966414452 35 0.0015999441966414452 35 0.01793317708509614 0.7033000000000316
424 0.00021289117285050452 26 8.047893788898364e-05 35 0.0022994893950726114 0.7026000000000316
425 0.0011818755883723497 35 0.0011818755883723497 35 0.012279289969105918 0.7019000000000317
426 0.00027771032182499766 35 0.00027771032182499766 35 0.0020359345577198188 0.7012000000000318
427 0.0008785991813056171 28 0.0005253641866147518 35 0.0038178510246343065 0.7005000000000319
428 0.002682155929505825 24 0.0021641624625772238 35 0.04295247567155666 0.699800000000032
429 0.0010324819013476372 31 0.0007987817516550422 35 0.012426699233950993 0.699100000000032
430 0.007673374842852354 35 0.007673374842852354 35 0.05137984817499544 0.6984000000000321
431 0.018123585730791092 35 0.018123585730791092 35 0.009472919368714207 0.6977000000000322
432 0.01583760417997837 33 0.010438029654324055 35 0.034672401055030395 0.6970000000000323
433 0.0009115791763179004 17 5.146557668922469e-06 35 0.0035649382712049384 0.6963000000000323
434 0.028215931728482246 35 0.028215931728482246 35 0.1751710230633665 0.6956000000000324
435 0.00030437830719165504 33 0.00028249513707123697 35 0.0028870664728092195 0.6949000000000325
436 0.0006102275219745934 35 0.0006102275219745934 35 0.0039042806909894124 0.6942000000000326
437 0.0025405860505998135 34 0.0023756511509418488 35 0.019571188808104614 0.6935000000000326
438 0.003981821704655886 35 0.003981821704655886 35 0.019300242012194564 0.6928000000000327
439 9.717902867123485e-05 28 4.176054790150374e-05 35 0.0010532875621327036 0.6921000000000328
440 0.0019534130115062 31 0.0014652721583843231 35 0.029338951545088515 0.6914000000000329
441 0.004192779306322336 35 0.004192779306322336 35 0.018692546745565707 0.690700000000033
442 0.022320855408906937 35 0.022320855408906937 35 0.07395915436852399 0.690000000000033
443 0.001299676368944347 35 0.001299676368944347 35 0.013041274032960388 0.6893000000000331
444 0.02117336168885231 30 0.01891067810356617 35 0.038335806344820623 0.6886000000000332
445 0.0009987071389332414 35 0.0009987071389332414 35 0.003748742684980636 0.6879000000000333
446 0.0015127341030165553 33 0.0014714387943968177 35 0.024185286976101603 0.6872000000000333
447 0.0031508186366409063 34 0.00313056749291718 35 0.009035616205561545 0.6865000000000334
448 0.0003688502183649689 33 0.0003297489311080426 35 0.0037094699798272523 0.6858000000000335
449 0.0009738274966366589 24 0.0005817468627355993 35 0.018728683756418178 0.6851000000000336
450 0.00729940552264452 35 0.00729940552264452 35 0.08820491270526279 0.6844000000000336
451 0.008689112961292267 34 0.008446571417152882 35 0.16585932452578034 0.6837000000000337
452 0.008833431638777256 34 0.007076817564666271 35 0.07226199666075855 0.6830000000000338
453 0.0011652697576209903 20 0.0008507150923833251 35 0.01686130458649446 0.6823000000000339
454 0.0009887259220704436 34 0.00077910564141348 35 0.009990433983128509 0.681600000000034
455 0.0007318255957216024 31 3.3554948458913714e-05 35 0.006766136626724077 0.680900000000034
456 0.003657765919342637 34 0.0024937100242823362 35 0.02048104332466355 0.6802000000000341
457 0.00648161955177784 35 0.00648161955177784 35 0.017178011840895863 0.6795000000000342
458 0.000896966434083879 35 0.000896966434083879 35 0.0026173495207490356 0.6788000000000343
459 0.0011819637147709727 25 0.0002312406140845269 35 0.0074525337184515325 0.6781000000000343
460 0.0015398499090224504 35 0.0015398499090224504 35 0.010059495051870558 0.6774000000000344
461 0.0013423403725028038 33 0.0007651056512258947 35 0.015838900731345924 0.6767000000000345
462 0.016919678077101707 35 0.016919678077101707 35 0.002477425877989486 0.6760000000000346
463 0.0045205154456198215 35 0.0045205154456198215 35 0.0353340425824435 0.6753000000000347
464 0.0005204045446589589 35 0.0005204045446589589 35 0.0017471584587423795 0.6746000000000347
465 0.0004834200663026422 35 0.0004834200663026422 35 0.0017592071382470755 0.6739000000000348
466 9.933830006048083e-05 35 9.933830006048083e-05 35 0.0013357681879345436 0.6732000000000349
467 0.00040681983227841556 35 0.00040681983227841556 35 0.004798369759823172 0.672500000000035
468 0.0011741549242287874 35 0.0011741549242287874 35 0.007019881109375847 0.671800000000035
469 0.0011147311888635159 35 0.0011147311888635159 35 0.0027906612474538992 0.6711000000000351
470 0.009621533565223217 18 0.009507330134510994 35 0.07813998895294436 0.6704000000000352
471 0.0036075289826840162 35 0.0036075289826840162 35 0.025168190400792437 0.6697000000000353
472 0.00013759330613538623 34 0.00013322001905180514 35 0.0007043148232269597 0.6690000000000353
473 0.0020699917804449797 31 0.0010473584989085793 35 0.033158935485604654 0.6683000000000354
474 0.0017446504207327962 26 0.0015806978335604072 35 0.02090833065469684 0.6676000000000355
475 0.0009708322468213737 31 0.0007007955573499203 35 0.014743257256689343 0.6669000000000356
476 0.0037077772431075573 35 0.0037077772431075573 35 0.020809082742050254 0.6662000000000357
477 0.0002986219769809395 32 0.0002967657055705786 35 0.004822528825509817 0.6655000000000357
478 0.003104683943092823 35 0.003104683943092823 35 0.0101377536773817 0.6648000000000358
479 0.010348585434257984 34 0.009736434556543827 35 0.16289387439140565 0.6641000000000359
480 0.012039058841764927 35 0.012039058841764927 35 0.034559699394834206 0.663400000000036
481 0.0013140190858393908 35 0.0013140190858393908 35 0.006986387044187804 0.662700000000036
482 0.0013443154748529196 27 0.0011998771224170923 35 0.04001335016424368 0.6620000000000361
483 0.015359222888946533 34 0.015337220393121243 35 0.03177993527206411 0.6613000000000362
484 0.00021250630379654467 32 3.932338586309925e-05 35 0.0010548989531074624 0.6606000000000363
485 0.004915265366435051 34 0.004793575499206781 35 0.02151219949984319 0.6599000000000363
486 0.0047579300589859486 35 0.0047579300589859486 35 0.011972695734890834 0.6592000000000364
487 0.007062260527163744 34 0.006759700831025839 35 0.06659654146092703 0.6585000000000365
488 0.004970570560544729 35 0.004970570560544729 35 0.029295438336585405 0.6578000000000366
489 0.0020764863584190607 33 0.001657436485402286 35 0.020732205104842666 0.6571000000000367
490 0.00021920670405961573 31 0.0002055501681752503 35 0.0007577040576444064 0.6564000000000367
491 0.002003825269639492 32 0.0011058282107114792 35 0.016621011773837777 0.6557000000000368
492 0.00023062653781380504 35 0.00023062653781380504 35 0.0013172987230021074 0.6550000000000369
493 0.008716409094631672 33 0.008650418370962143 35 0.09943724842187505 0.654300000000037
494 0.009326334111392498 35 0.009326334111392498 35 0.0020400193600988883 0.653600000000037
495 0.0004285160102881491 33 0.00019075519230682403 35 0.004357971844727878 0.6529000000000371
496 0.003066846402361989 24 0.001763536361977458 35 0.09713135817127118 0.6522000000000372
497 0.0015917242271825671 35 0.0015917242271825671 35 0.011790944771327347 0.6515000000000373
498 0.004455953370779753 34 0.004376813769340515 35 0.018404280409415285 0.6508000000000373
499 0.03194205090403557 35 0.03194205090403557 35 0.12766108567593568 0.6501000000000374
500 0.00035830363049171865 33 0.0003582541539799422 35 0.002185355951073496 0.6494000000000375
501 0.020359564572572708 35 0.020359564572572708 35 0.017095744878808782 0.6487000000000376
502 0.003498347010463476 29 0.00255670677870512 35 0.06603619200079634 0.6480000000000377
503 0.004395731259137392 35 0.004395731259137392 35 0.05262250863726947 0.6473000000000377
504 5.950640479568392e-05 32 5.0521266530267894e-05 35 0.00047603727177103765 0.6466000000000378
505 0.00291867065243423 26 0.001012496999464929 35 0.006628641644403875 0.6459000000000379
506 0.0013621251564472914 35 0.0013621251564472914 35 0.004831721332494293 0.645200000000038
507 0.01819572038948536 35 0.01819572038948536 35 0.062043817980462684 0.644500000000038
508 0.00039167143404483795 32 0.0002337855548830703 35 0.0026469124285969214 0.6438000000000381
509 0.0001034552333294414 35 0.0001034552333294414 35 0.0008530874417915278 0.6431000000000382
510 0.0029239060822874308 35 0.0029239060822874308 35 0.008026552783523608 0.6424000000000383
511 0.001867956481873989 25 0.001000064192339778 35 0.01688918253284364 0.6417000000000384
512 0.0004471667925827205 35 0.0004471667925827205 35 0.0013772421459900895 0.6410000000000384
513 0.0005137043190188706 35 0.0005137043190188706 35 0.001019571103911714 0.6403000000000385
514 0.002634093165397644 35 0.002634093165397644 35 0.001125858240100708 0.6396000000000386
515 0.018060235306620598 33 0.014649047516286373 35 0.1125077090391179 0.6389000000000387
516 0.0013690529158338904 35 0.0013690529158338904 35 0.008623859011642079 0.6382000000000387
517 0.0473838746547699 34 0.04615849629044533 35 0.2417533913063574 0.6375000000000388
518 0.000615309807471931 32 0.0003161614004056901 35 0.0021193316748419344 0.6368000000000389
519 0.004896966740489006 30 0.0032303612679243088 35 0.10159123177084951 0.636100000000039
520 0.0012920851586386561 22 0.0008246335783042014 35 0.030863592710690845 0.635400000000039
521 0.015543801710009575 35 0.015543801710009575 35 0.2315432039255552 0.6347000000000391
522 0.007788536604493856 35 0.007788536604493856 35 0.06247007680117652 0.6340000000000392
523 0.0002881957043427974 35 0.0002881957043427974 35 0.0009990541610687576 0.6333000000000393
524 0.0008595717372372746 35 0.0008595717372372746 35 0.00018360023631164925 0.6326000000000394
525 0.00015990642714314163 33 0.00011816690675914288 35 0.0016768437856150285 0.6319000000000394
526 0.0011255167191848159 35 0.0011255167191848159 35 0.005185943317089662 0.6312000000000395
527 0.0016141422092914581 35 0.0016141422092914581 35 0.01067935512301862 0.6305000000000396
528 0.0005881806137040257 31 0.000582205830141902 35 0.002070787245347947 0.6298000000000397
529 0.0007414051215164363 33 0.00046843563904985785 35 0.004917043762255136 0.6291000000000397
530 0.00035692323581315577 32 0.00014029709564056247 35 0.006857145174695152 0.6284000000000398
531 0.0022113192826509476 34 0.0015256316401064396 35 0.013791597346566348 0.6277000000000399
532 0.0010072190780192614 35 0.0010072190780192614 35 0.003622275930654296 0.62700000000004
533 0.0002348841808270663 23 4.434205038705841e-05 35 0.0059364058359563186 0.62630000000004
534 0.00015744716802146286 34 0.00012046831398038194 35 0.0016051226710637363 0.6256000000000401
535 0.0005693981074728072 34 0.0005395139451138675 35 0.0055114427163883446 0.6249000000000402
536 0.0042691463604569435 35 0.0042691463604569435 35 0.02719827087618267 0.6242000000000403
537 0.00026987650198861957 35 0.00026987650198861957 35 0.0014150250446856463 0.6235000000000404
538 0.005984138231724501 34 0.005883041303604841 35 0.10629123733291213 0.6228000000000404
539 0.0015674808528274298 32 0.0011681696632876992 35 0.004647288579713998 0.6221000000000405
540 0.0015586703084409237 32 0.0010147017892450094 35 0.009303486577874708 0.6214000000000406
541 0.006342052482068539 34 0.006044444162398577 35 0.039386909655191225 0.6207000000000407
542 0.003333216765895486 35 0.003333216765895486 35 0.017086483296585204 0.6200000000000407
543 0.00361970579251647 35 0.00361970579251647 35 0.02154814839069221 0.6193000000000408
544 0.001025707577355206 31 0.000596997095271945 35 0.012819957405189784 0.6186000000000409
545 0.004565436393022537 32 0.00439313892275095 35 0.029339574886069347 0.617900000000041
546 0.00031161701190285385 35 0.00031161701190285385 35 0.0008166180461217557 0.617200000000041
547 0.0019019560422748327 31 0.001680490910075605 35 0.004655602341775417 0.6165000000000411
548 0.011038189753890038 35 0.011038189753890038 35 0.03228603197850007 0.6158000000000412
549 0.00017191190272569656 35 0.00017191190272569656 35 0.001251253114664007 0.6151000000000413
550 0.004317061044275761 35 0.004317061044275761 35 0.03651956329521586 0.6144000000000414
551 0.0014109043404459953 34 0.0013439852045848966 35 0.0011436176625198716 0.6137000000000414
552 0.010241170413792133 35 0.010241170413792133 35 0.006016125766062776 0.6130000000000415
553 0.02744765765964985 33 0.017889924347400665 35 0.014712681516372724 0.6123000000000416
554 0.023958424106240273 35 0.023958424106240273 35 0.05442240681210478 0.6116000000000417
555 0.0028941957280039787 31 0.0012243801029399037 35 0.01995367468219705 0.6109000000000417
556 0.011316042393445969 35 0.011316042393445969 35 0.05902530851113201 0.6102000000000418
557 0.0011012961622327566 35 0.0011012961622327566 35 0.0028183177742322186 0.6095000000000419
558 0.0022780129220336676 35 0.0022780129220336676 35 0.049468352131357085 0.608800000000042
559 0.009534533135592937 30 0.005714647937566042 35 0.057599840470396055 0.608100000000042
560 0.000513292383402586 35 0.000513292383402586 35 0.007831352269128872 0.6074000000000421
561 0.0008193992543965578 31 0.00027711447910405695 35 0.005554454982037218 0.6067000000000422
562 0.019124234095215797 35 0.019124234095215797 35 0.05731744071240295 0.6060000000000423
563 0.00016705341113265604 21 0.00011280013131909072 35 0.001403330046481009 0.6053000000000424
564 0.00016239109390880913 35 0.00016239109390880913 35 0.0015712737885993488 0.6046000000000424
565 0.0007862832862883806 35 0.0007862832862883806 35 0.003313633216933559 0.6039000000000425
566 0.004067931789904833 34 0.004003805108368397 35 0.02313213637396275 0.6032000000000426
567 0.0006470343214459717 32 0.0005475874640978873 35 0.004494502334598601 0.6025000000000427
568 0.0004465123638510704 35 0.0004465123638510704 35 0.0013596029627480333 0.6018000000000427
569 0.004651985131204128 34 0.004651181399822235 35 0.08233643740406907 0.6011000000000428
570 0.0037844544276595116 30 0.0017113126814365387 35 0.1080388854016595 0.6004000000000429
571 0.004042992368340492 33 0.003830640809610486 35 0.024638786757398338 0.599700000000043
572 0.00036277881008572876 35 0.00036277881008572876 35 0.0019693359745525554 0.599000000000043
573 0.00983739085495472 27 0.004124963656067848 35 0.11890572196979889 0.5983000000000431
574 0.0005120665882714093 27 0.00017912700423039496 35 0.01112860131886744 0.5976000000000432
575 0.0013554656179621816 35 0.0013554656179621816 35 0.014211931181255674 0.5969000000000433
576 0.0052063134498894215 35 0.0052063134498894215 35 0.0212559908631875 0.5962000000000434
577 0.0011747301323339343 35 0.0011747301323339343 35 0.0012853597567255128 0.5955000000000434
578 0.023692617192864418 32 0.01680362969636917 35 0.14460219539849606 0.5948000000000435
579 0.0003345746372360736 33 2.9460045425366843e-06 35 0.0025874587032359195 0.5941000000000436
580 0.00029437162447720766 29 0.00021509920770768076 35 0.004449434347918952 0.5934000000000437
581 0.0005026062135584652 35 0.0005026062135584652 35 0.004610299038630092 0.5927000000000437
582 0.01001400500535965 30 0.0012728816363960505 35 0.031903329242217913 0.5920000000000438
583 5.3895870223641396e-05 35 5.3895870223641396e-05 35 3.4527920147083416e-05 0.5913000000000439
584 0.00038998216041363776 31 0.00015112957044038922 35 0.004137568087517247 0.590600000000044
585 0.0013006526278331876 35 0.0013006526278331876 35 0.0038200504901516495 0.5899000000000441
586 0.004674218129366636 33 0.003985245246440172 35 0.006272293294206739 0.5892000000000441
587 0.0005419923109002411 30 0.00046922729234211147 35 0.0014263611861479591 0.5885000000000442
588 0.00020006335398647934 24 4.4651114876614884e-05 35 0.0040350899924485595 0.5878000000000443
589 0.0009158049942925572 33 0.0006833767984062433 35 0.0012471716861208403 0.5871000000000444
590 0.0017032442847266793 35 0.0017032442847266793 35 0.015822331365283052 0.5864000000000444
591 0.007635305169969797 31 0.004602462984621525 35 0.0014920807451908986 0.5857000000000445
592 0.0014917564112693071 35 0.0014917564112693071 35 0.003467101669443061 0.5850000000000446
593 0.008248058147728443 35 0.008248058147728443 35 0.03172439795159216 0.5843000000000447
594 0.00032802839996293187 35 0.00032802839996293187 35 0.003338508933945259 0.5836000000000447
595 0.0028138626366853714 31 0.0013217239174991846 35 0.03283551941093948 0.5829000000000448
596 0.003425666131079197 35 0.003425666131079197 35 0.0044158298177595645 0.5822000000000449
597 0.002600716194137931 35 0.002600716194137931 35 0.012429628823338397 0.581500000000045
598 0.002333158627152443 30 0.0006647935369983315 35 0.0463280751597643 0.5808000000000451
599 0.005191009026020765 34 0.004768081475049257 35 0.005099665193037689 0.5801000000000451
600 0.0006269344594329596 35 0.0006269344594329596 35 0.00235472765258314 0.5794000000000452
601 0.0054366993717849255 34 0.005402485840022564 35 0.028045022244610335 0.5787000000000453
602 0.002505707321688533 35 0.002505707321688533 35 0.01312640560078777 0.5780000000000454
603 0.005530337803065777 35 0.005530337803065777 35 0.06994484501066059 0.5773000000000454
604 0.0014205480692908168 34 0.0013871778501197696 35 0.013325515359456442 0.5766000000000455
605 0.027473557740449905 35 0.027473557740449905 35 0.13139660016826663 0.5759000000000456
606 0.0017365943640470505 33 0.0013940923381596804 35 0.02252182636183121 0.5752000000000457
607 0.03514396771788597 35 0.03514396771788597 35 0.31684056091055884 0.5745000000000458
608 0.005702283699065447 35 0.005702283699065447 35 0.060641878737458715 0.5738000000000458
609 0.0005362997762858868 35 0.0005362997762858868 35 0.0016508346434820618 0.5731000000000459
610 0.005078203976154327 34 0.004819023422896862 35 0.019993037300500366 0.572400000000046
611 0.00021012032811995596 35 0.00021012032811995596 35 0.0007746922351644755 0.5717000000000461
612 0.004470404703170061 35 0.004470404703170061 35 0.009599218633344673 0.5710000000000461
613 0.0021018292754888535 35 0.0021018292754888535 35 0.020925262649853033 0.5703000000000462
614 6.810663035139441e-05 32 5.7332359574502334e-05 35 0.001552091341881226 0.5696000000000463
615 0.0012750818859785795 34 0.0004668935143854469 35 0.003889123843790123 0.5689000000000464
616 0.006051425356417894 35 0.006051425356417894 35 0.019134136234612076 0.5682000000000464
617 3.249765359214507e-05 35 3.249765359214507e-05 35 0.0001674894504522966 0.5675000000000465
618 0.009396727196872234 30 0.004471397493034601 35 0.07819417271900862 0.5668000000000466
619 0.001018093666061759 33 0.0008267562952823937 35 0.018019919600943405 0.5661000000000467
620 0.0026746243238449097 34 0.0026174187660217285 35 0.002896528467445625 0.5654000000000468
621 0.0018432082142680883 30 0.00013504076923709363 35 0.006554948106921853 0.5647000000000468
622 0.00038050670991651714 32 3.1158890578808496e-06 35 0.0006958661444479493 0.5640000000000469
623 5.068415339337662e-05 34 5.004955892218277e-05 35 0.00012913308751679722 0.563300000000047
624 0.007348380982875824 35 0.007348380982875824 35 0.042194705258522265 0.5626000000000471
625 0.0003927270008716732 35 0.0003927270008716732 35 0.00542022450925021 0.5619000000000471
626 0.003235878422856331 26 0.0006921404274180532 35 0.03030917454523477 0.5612000000000472
627 0.0034203457180410624 29 0.000668421620503068 35 0.008306744552793363 0.5605000000000473
628 9.626820246921852e-05 33 7.061269570840523e-05 35 0.0002854268322679092 0.5598000000000474
629 0.0018017968395724893 35 0.0018017968395724893 35 0.025646057122555216 0.5591000000000474
630 0.0005668039084412158 32 0.0003934433334507048 35 0.010415604196546921 0.5584000000000475
631 0.0017493846826255322 29 0.0015392195200547576 35 0.03490530694732584 0.5577000000000476
632 4.6776280214544386e-05 28 2.3491154934163205e-05 35 0.0004926629366075582 0.5570000000000477
633 0.0006856927648186684 35 0.0006856927648186684 35 0.005305431864615916 0.5563000000000478
634 0.0031180628575384617 32 0.0028779522981494665 35 0.06799515725393687 0.5556000000000478
635 0.00015486332995351404 16 7.348249346250668e-05 35 0.002476913933021108 0.5549000000000479
636 0.07608019560575485 35 0.07608019560575485 35 0.23581333086422487 0.554200000000048
637 0.004057928454130888 35 0.004057928454130888 35 0.02635826455168066 0.5535000000000481
638 0.004250434692949057 35 0.004250434692949057 35 0.020966110105164026 0.5528000000000481
639 0.001882860902696848 35 0.001882860902696848 35 0.004267105681477189 0.5521000000000482
640 0.006189522799104452 29 0.002536972053349018 35 0.08683760743884461 0.5514000000000483
641 0.000918202567845583 27 0.000355989410309121 35 0.017581123971144454 0.5507000000000484
642 0.0009808139875531197 35 0.0009808139875531197 35 0.021588917795455957 0.5500000000000485
643 0.0162112545222044 35 0.0162112545222044 35 0.04706316710310389 0.5493000000000485
644 0.00255561713129282 32 0.00027061987202614546 35 0.015878508787470966 0.5486000000000486
645 0.0005153759848326445 26 0.0003224298998247832 35 0.001664085003010072 0.5479000000000487
646 0.0009908515494316816 35 0.0009908515494316816 35 0.0004060320360463533 0.5472000000000488
647 0.002283459296450019 34 0.002115124836564064 35 0.007840093188835733 0.5465000000000488
648 0.000999090145342052 33 0.0008794534951448441 35 0.004164638820902431 0.5458000000000489
649 0.07472202926874161 35 0.07472202926874161 35 1312.5278793949708 0.545100000000049
650 0.002722847042605281 31 0.0018455436220392585 35 0.005184088692245675 0.5444000000000491
651 0.0022240555845201015 35 0.0022240555845201015 35 0.0067337962907768785 0.5437000000000491
652 0.00043621499207802117 34 0.00039480801206082106 35 0.005721917714232039 0.5430000000000492
653 0.007801061030477285 31 0.0050351968966424465 35 0.018421060493548913 0.5423000000000493
654 0.012439086101949215 35 0.012439086101949215 35 0.04205806192875451 0.5416000000000494
655 0.011969031766057014 29 0.004405525047332048 35 0.12272974207440143 0.5409000000000495
656 0.00013447560195345432 22 3.3497432013973594e-05 35 0.0019463716038570261 0.5402000000000495
657 0.0031252640765160322 20 0.0013271495699882507 35 0.0631749289535029 0.5395000000000496
658 0.0007539188954979181 27 0.0003162661741953343 35 0.002059034040399899 0.5388000000000497
659 0.001969205215573311 25 0.0015836305683478713 35 0.024718214054487948 0.5381000000000498
660 0.0003261506790295243 33 9.612107533030212e-05 35 0.0030284153340615206 0.5374000000000498
661 0.0002926155866589397 31 8.584660827182233e-05 35 0.0008857868237703395 0.5367000000000499
662 0.009327626787126064 33 0.009050409309566021 35 0.07774523135006743 0.53600000000005
663 0.007121369708329439 34 0.007108850404620171 35 0.02002277164475369 0.5353000000000501
664 0.0002585402980912477 35 0.0002585402980912477 35 0.0008060011040889038 0.5346000000000501
665 0.0026541994884610176 35 0.0026541994884610176 35 0.01323392624550851 0.5339000000000502
666 0.00040568411350250244 33 0.0001953911705641076 35 0.007851205028163959 0.5332000000000503
667 0.0036709841806441545 26 0.0005555606330744922 35 0.02285008422928442 0.5325000000000504
668 0.004754688590764999 35 0.004754688590764999 35 0.0075266807520786745 0.5318000000000505
669 0.0006209950079210103 28 8.570446539124532e-07 35 0.003190139965462457 0.5311000000000505
670 0.020562663674354553 34 0.020410427823662758 35 0.09163741159329035 0.5304000000000506
671 0.002654094249010086 33 0.002086120657622814 35 0.008684284145016813 0.5297000000000507
672 0.01710212416946888 35 0.01710212416946888 35 0.14254247061534459 0.5290000000000508
673 0.0007213324424810708 34 0.0006944194319657981 35 0.013676291653983185 0.5283000000000508
674 0.0012171438429504633 35 0.0012171438429504633 35 0.008325398759018159 0.5276000000000509
675 0.00023859164502937347 34 0.00013701165153179318 35 0.0008986686457703542 0.526900000000051
676 0.000836154620628804 33 0.0007786725182086229 35 0.008750086107018114 0.5262000000000511
677 0.008245181292295456 29 0.006620513740926981 35 0.07333205951054596 0.5255000000000511
678 0.0011230146046727896 28 0.000439550873124972 35 0.01533446059272878 0.5248000000000512
679 0.006865258328616619 35 0.006865258328616619 35 0.013239805000250064 0.5241000000000513
680 0.009846117347478867 33 0.005234616342931986 35 0.055757669601873665 0.5234000000000514
681 0.012480129487812519 35 0.012480129487812519 35 0.0285462793589561 0.5227000000000515
682 0.0009821279672905803 24 0.0005402617389336228 35 0.015939046756646258 0.5220000000000515
683 0.03523436561226845 35 0.03523436561226845 35 0.1521806443586149 0.5213000000000516
684 0.010604020208120346 35 0.010604020208120346 35 0.0541482180253676 0.5206000000000517
685 0.025699490681290627 35 0.025699490681290627 35 0.11556790790059857 0.5199000000000518
686 0.023416822776198387 35 0.023416822776198387 35 0.23896991875028756 0.5192000000000518
687 0.005245015490800142 35 0.005245015490800142 35 0.02052281368863555 0.5185000000000519
688 0.0022979110945016146 35 0.0022979110945016146 35 0.022729987360728718 0.517800000000052
689 0.0011069400934502482 31 2.648082772793714e-05 35 0.01347384271475025 0.5171000000000521
690 0.006930852774530649 35 0.006930852774530649 35 0.06366862526771795 0.5164000000000522
691 0.00018091220408678055 33 0.00015270826406776905 35 0.001127819629492077 0.5157000000000522
692 0.011687371879816055 35 0.011687371879816055 35 0.050664583168586325 0.5150000000000523
693 0.000829468306619674 35 0.000829468306619674 35 0.0027979833927140475 0.5143000000000524
694 0.1070876196026802 35 0.1070876196026802 35 1312.5976237558284 0.5136000000000525
695 0.009762633591890335 35 0.009762633591890335 35 0.052755892982764827 0.5129000000000525
696 0.00039412593469023705 31 0.00017325686349067837 35 0.0033687305723599037 0.5122000000000526
697 0.01779341697692871 34 0.017771920189261436 35 0.045083297241595335 0.5115000000000527
698 0.00952012836933136 30 0.00629605446010828 35 0.06677014373687137 0.5108000000000528
699 0.08795005828142166 35 0.08795005828142166 35 1312.6579291976843 0.5101000000000528
700 0.03770576789975166 35 0.03770576789975166 35 0.2522693938812934 0.5094000000000529
701 0.0005983211449347436 32 5.315990711096674e-05 35 0.00397527164169031 0.508700000000053
702 0.0004088811983820051 31 0.0001414544094586745 35 0.00647331061545973 0.5080000000000531
703 0.011136558838188648 27 0.00401235232129693 35 0.06681146178453629 0.5073000000000532
704 0.001809429842978716 35 0.001809429842978716 35 0.018825511990188764 0.5066000000000532
705 0.003287635510787368 35 0.003287635510787368 35 0.030617982596898262 0.5059000000000533
706 0.0022247580345720053 27 0.0013463416835293174 35 0.03503699339882173 0.5052000000000534
707 0.013406215235590935 35 0.013406215235590935 35 0.06107935087072695 0.5045000000000535
708 0.0013860499020665884 26 0.0005580286961048841 35 0.018860561815508742 0.5038000000000535
709 0.002052901079878211 35 0.002052901079878211 35 0.002191711597344259 0.5031000000000536
710 0.015089854598045349 35 0.015089854598045349 35 0.028619883619464333 0.5024000000000537
711 0.060373302549123764 35 0.060373302549123764 35 0.18054584998956824 0.5017000000000538
712 0.008682891726493835 35 0.008682891726493835 35 0.051106226485508374 0.5010000000000538
713 4.0607625123811886e-05 29 2.8272028430365026e-05 35 0.0008402716367513844 0.5003000000000539
714 0.002031052252277732 33 0.001769205671735108 35 0.013975233702475946 0.499600000000054
715 0.0013320515863597393 35 0.0013320515863597393 35 0.0027090670135837946 0.4989000000000541
716 0.007211484480649233 23 0.004571541678160429 35 0.07064913057480747 0.49820000000005416
717 0.0006245216936804354 35 0.0006245216936804354 35 0.0003015299975675799 0.49750000000005423
718 0.004726773127913475 35 0.004726773127913475 35 0.0029048007367282885 0.4968000000000543
719 0.0025593056343495846 34 0.0025507183745503426 35 0.025004435351595047 0.4961000000000544
720 0.00016020875773392618 29 0.0001011744316201657 35 0.0008205212809181244 0.49540000000005446
721 0.026579227298498154 35 0.026579227298498154 35 0.2401485017305884 0.49470000000005454
722 0.005774130113422871 35 0.005774130113422871 35 0.03484335558966049 0.4940000000000546
723 0.00021119130542501807 33 0.00020090671023353934 35 0.0011411501183897243 0.4933000000000547
724 0.0006486761849373579 35 0.0006486761849373579 35 0.0029848248444984253 0.49260000000005477
725 0.0017292352858930826 30 0.0010859493631869555 35 0.020703809007162843 0.49190000000005485
726 0.0009428047342225909 28 0.0008553529623895884 35 0.010129531087372433 0.4912000000000549
727 0.0018908806378021836 33 0.001885378616861999 35 0.005812526593479263 0.490500000000055
728 0.0031551960855722427 35 0.0031551960855722427 35 0.004094663543911931 0.4898000000000551
729 0.0016372209647670388 23 0.0007976815686561167 35 0.035786162147716266 0.48910000000005516
730 0.00032513911719433963 34 0.00022192628239281476 35 0.005062049302105438 0.48840000000005523
731 0.001745863351970911 35 0.001745863351970911 35 0.008177180747596914 0.4877000000000553
732 0.0007588632870465517 33 0.0005835663760080934 35 0.0015590345111119817 0.4870000000000554
733 0.000586864713113755 35 0.000586864713113755 35 0.002269921396762029 0.48630000000005547
734 0.002998938551172614 34 0.002988114021718502 35 0.030230000943305312 0.48560000000005554
735 0.0006372966454364359 35 0.0006372966454364359 35 0.007325420377504684 0.4849000000000556
736 0.0037220548838377 34 0.003675745567306876 35 0.028356720736537947 0.4842000000000557
737 0.000676472787745297 27 5.437080744741252e-06 35 0.007364225190436479 0.4835000000000558
738 0.0033938614651560783 31 0.002152280882000923 35 0.06677935456005887 0.48280000000005585
739 0.0018147961236536503 34 0.001759245409630239 35 0.017861643573208467 0.48210000000005593
740 0.0007809695671312511 31 0.0006848574848845601 35 0.012825455729215299 0.481400000000056
741 0.00011160852591274306 33 7.830822141841054e-05 35 0.001033676654528725 0.4807000000000561
742 0.0021048802882432938 31 0.0015426657628268003 35 0.007163320578185721 0.48000000000005616
743 0.010468860156834126 34 0.010227978229522705 35 0.1647579576317287 0.47930000000005624
744 0.009142957627773285 24 0.0020225862972438335 35 0.07658642343798262 0.4786000000000563
745 0.0014083586866036057 33 0.0006337914965115488 35 0.013319053310612259 0.4779000000000564
746 0.0044846064411103725 32 0.004241287708282471 35 0.06416847221209095 0.47720000000005647
747 0.00017390804714523256 35 0.00017390804714523256 35 0.0003050302699294867 0.47650000000005654
748 7.031487621134147e-05 35 7.031487621134147e-05 35 0.0008591478102350235 0.4758000000000566
749 0.0005892246263101697 35 0.0005892246263101697 35 0.0032873270868608263 0.4751000000000567
750 6.92340690875426e-05 33 1.7227623175131157e-05 35 0.0010026841726099777 0.4744000000000568
751 0.013064652681350708 35 0.013064652681350708 35 0.06282838023745899 0.47370000000005685
752 0.030958032235503197 35 0.030958032235503197 35 0.05566052159956919 0.47300000000005693
753 0.0019207496661692858 31 0.0005488758906722069 35 0.01160623775579149 0.472300000000057
754 0.01221364177763462 32 0.008594461716711521 35 0.061664370420438305 0.4716000000000571
755 0.0026839387137442827 35 0.0026839387137442827 35 0.003575999778211162 0.47090000000005716
756 0.0006099133170209825 35 0.0006099133170209825 35 0.0007253913206297183 0.47020000000005724
757 0.0024813797790557146 33 0.0023133750073611736 35 0.0055414936445423914 0.4695000000000573
758 0.00042760491487570107 25 1.762858846632298e-05 35 0.0016693046958289911 0.4688000000000574
759 0.007792436983436346 33 0.0039656637236475945 35 0.05007250524545906 0.46810000000005747
760 0.5208749175071716 35 0.5208749175071716 35 3408.037848063148 0.46740000000005755
761 0.0003542295016814023 35 0.0003542295016814023 35 0.0009540206546994662 0.4667000000000576
762 0.001526453299447894 29 0.0007328430656343699 35 0.03403073124979919 0.4660000000000577
763 0.0004263433802407235 24 0.00026215589605271816 35 0.0030600227252768346 0.4653000000000578
764 0.0037623366806656122 35 0.0037623366806656122 35 0.012259891765919552 0.46460000000005786
765 0.03279835358262062 32 0.018882406875491142 35 0.10644229276756473 0.46390000000005793
766 4.233324034430552e-06 28 1.4183995062921895e-06 35 0.00011487136048404026 0.463200000000058
767 0.051924340426921844 35 0.051924340426921844 35 0.4564476799487163 0.4625000000000581
768 0.000730092462617904 35 0.000730092462617904 35 0.0011662748807202874 0.46180000000005816
769 0.007964610122144222 35 0.007964610122144222 35 0.0496406084791997 0.46110000000005824
770 0.0027048904448747635 34 0.0025542322546243668 35 0.013249078920916152 0.4604000000000583
771 0.001984833274036646 22 0.0004440074844751507 35 0.00987016483449151 0.4597000000000584
772 0.05829484015703201 35 0.05829484015703201 35 415.3681275920517 0.4590000000000585
773 0.004117823205888271 32 0.0033278882037848234 35 0.037511800362127756 0.45830000000005855
774 0.0003969550598412752 31 0.00023937883088365197 35 0.006131726789119059 0.4576000000000586
775 7.155103958211839e-05 28 4.7602778067812324e-05 35 0.0016423100673154463 0.4569000000000587
776 0.011886458843946457 34 0.007894500158727169 35 0.07470222159953713 0.4562000000000588
777 0.0008601313456892967 28 0.0006586610688827932 35 0.002362768322156116 0.45550000000005886
778 0.0025633014738559723 35 0.0025633014738559723 35 0.008426070915292707 0.45480000000005893
779 0.08586405962705612 24 0.0832437202334404 35 1701.0620283631058 0.454100000000059
780 0.0010495508322492242 33 0.001038302551023662 35 0.012550885349088802 0.4534000000000591
781 0.0008485193829983473 35 0.0008485193829983473 35 0.007056566712921308 0.45270000000005917
782 0.028495725244283676 35 0.028495725244283676 35 0.17180680807254856 0.45200000000005924
783 0.0036017766688019037 31 0.0016139174113050103 35 0.03312861049152959 0.4513000000000593
784 6.442230369430035e-05 16 2.2890899344929494e-06 35 0.0002761244418499391 0.4506000000000594
785 0.0032146042212843895 35 0.0032146042212843895 35 0.011294707064795951 0.4499000000000595
786 0.00047980761155486107 30 0.0003404007002245635 35 0.0085896133142621 0.44920000000005955
787 0.2183796763420105 35 0.2183796763420105 35 2843.08401871183 0.44850000000005963
788 0.00015415843517985195 32 8.256602450273931e-05 35 0.0014752659647643321 0.4478000000000597
789 0.039973895996809006 35 0.039973895996809006 35 0.31422185677891795 0.4471000000000598
790 0.009808873757719994 35 0.009808873757719994 35 0.02107899295222488 0.44640000000005986
791 0.002075939206406474 35 0.002075939206406474 35 0.029734574178018412 0.44570000000005994
792 0.012567111290991306 27 0.0010658625978976488 35 0.24174022987695964 0.44500000000006
793 0.0013143792748451233 35 0.0013143792748451233 35 0.007193106484223621 0.4443000000000601
794 0.001199010293930769 35 0.001199010293930769 35 0.0017752711166907028 0.44360000000006017
795 0.0016574616311118007 28 0.0004877862520515919 35 0.020152036288499073 0.44290000000006025
796 0.04399858042597771 35 0.04399858042597771 35 0.3135277496571255 0.4422000000000603
797 0.02606160379946232 35 0.02606160379946232 35 0.1455060548769528 0.4415000000000604
798 0.014446808025240898 35 0.014446808025240898 35 0.10403500825355942 0.4408000000000605
799 0.0009440347785130143 35 0.0009440347785130143 35 0.0019327992256041552 0.44010000000006055
800 0.00030767853604629636 35 0.00030767853604629636 35 0.0015879794218964687 0.43940000000006063
801 0.002206113887950778 25 0.002069879788905382 35 0.01847802373990229 0.4387000000000607
802 0.007416254375129938 35 0.007416254375129938 35 0.052147379870291555 0.4380000000000608
803 0.0054079205729067326 33 0.0015622670762240887 35 0.0240854220917032 0.43730000000006086
804 0.0059982603415846825 35 0.0059982603415846825 35 0.0338182849647163 0.43660000000006094
805 0.07301518321037292 35 0.07301518321037292 35 0.07667052617582995 0.435900000000061
806 0.0004739079740829766 28 0.00032393503352068365 35 0.004934678703643654 0.4352000000000611
807 0.004352939315140247 26 0.003367398167029023 35 0.07740799471105686 0.43450000000006117
808 0.11740593612194061 32 0.05148385092616081 35 2306.610229357044 0.43380000000006125
809 0.1563296914100647 35 0.1563296914100647 35 1796.8099750719537 0.4331000000000613
810 0.2898467779159546 34 0.28617897629737854 35 5287.265553729294 0.4324000000000614
811 8.413682371610776e-05 35 8.413682371610776e-05 35 0.0003766917023698565 0.4317000000000615
812 0.0008962834835983813 35 0.0008962834835983813 35 0.006416070855671962 0.43100000000006156
813 0.05155402049422264 27 0.020485136657953262 35 0.326554854880921 0.43030000000006163
814 0.012112239375710487 35 0.012112239375710487 35 0.003384351137439915 0.4296000000000617
815 0.0001950356236193329 35 0.0001950356236193329 35 0.0014615649710937302 0.4289000000000618
816 0.0015154581051319838 27 0.0004274960665497929 35 0.010022753245084068 0.42820000000006186
817 0.014425061643123627 35 0.014425061643123627 35 0.04583905926902564 0.42750000000006194
818 0.002419401193037629 35 0.002419401193037629 35 0.038760417645067956 0.426800000000062
819 0.00020433907047845423 31 0.0001163730921689421 35 0.0041561324280952015 0.4261000000000621
820 0.12309512495994568 35 0.12309512495994568 35 1312.657810709406 0.4254000000000622
821 0.0029609741177409887 33 0.002874057972803712 35 0.022991107145578404 0.42470000000006225
822 1.8429156625643373e-05 25 9.299324119638186e-06 35 0.00020601984854877613 0.4240000000000623
823 0.000579500978346914 33 0.0005365572869777679 35 0.002761826406572884 0.4233000000000624
824 0.19090765714645386 35 0.19090765714645386 35 2306.5563793948218 0.4226000000000625
825 0.03217504546046257 35 0.03217504546046257 35 0.5075630898273782 0.42190000000006256
826 0.007589131593704224 35 0.007589131593704224 35 0.07113670683475284 0.42120000000006264
827 0.010903761722147465 28 0.009808573871850967 35 0.08682223238097184 0.4205000000000627
828 0.015675688162446022 27 0.012067288160324097 35 0.11633615979889005 0.4198000000000628
829 0.016080694273114204 31 0.01237322948873043 35 0.3133131616428446 0.41910000000006287
830 0.04474335163831711 35 0.04474335163831711 35 0.9509633133709254 0.41840000000006294
831 0.007143714465200901 34 0.007119833491742611 35 0.013154967278387539 0.417700000000063
832 0.0014144080923870206 34 0.0012896315893158317 35 0.00716688816962842 0.4170000000000631
833 0.019023604691028595 35 0.019023604691028595 35 0.08115558565336742 0.4163000000000632
834 0.0021172526758164167 35 0.0021172526758164167 35 0.01395037751699456 0.41560000000006325
835 0.003254120936617255 32 0.0016962878871709108 35 0.024873160276691977 0.41490000000006333
836 0.008326220326125622 35 0.008326220326125622 35 0.03987302054326269 0.4142000000000634
837 0.011968834325671196 33 0.008905138820409775 35 0.04118852922021613 0.4135000000000635
838 0.033430811017751694 35 0.033430811017751694 35 0.0015802821386790404 0.41280000000006356
839 0.0062785679474473 35 0.0062785679474473 35 0.04322735571002072 0.41210000000006364
840 0.009160760790109634 35 0.009160760790109634 35 0.03319603926604301 0.4114000000000637
841 0.001073441351763904 27 0.0004084284882992506 35 0.01663971891684903 0.4107000000000638
842 0.027365682646632195 33 0.02526506595313549 35 0.35821936931597764 0.41000000000006387
843 0.0023623525630682707 35 0.0023623525630682707 35 0.0471499718938858 0.40930000000006395
844 0.002388638211414218 35 0.002388638211414218 35 0.004598033850483092 0.408600000000064
845 0.011149895377457142 31 0.007634023204445839 35 0.055130324310095714 0.4079000000000641
846 0.0015126453945413232 34 0.0009833219228312373 35 0.004880775686060767 0.4072000000000642
847 0.0023723123595118523 31 0.0021034758538007736 35 0.009736574524352733 0.40650000000006425
848 0.00012882733426522464 35 0.00012882733426522464 35 0.0005115717353601369 0.40580000000006433
849 0.0003551390836946666 35 0.0003551390836946666 35 0.0019132797961771385 0.4051000000000644
850 0.0006470364169217646 35 0.0006470364169217646 35 0.00784129442623107 0.4044000000000645
851 0.0035442484077066183 35 0.0035442484077066183 35 0.03242040528681409 0.40370000000006456
852 0.006517911329865456 35 0.006517911329865456 35 0.002246939461807073 0.40300000000006464
853 0.003936239518225193 35 0.003936239518225193 35 0.03539620730925852 0.4023000000000647
854 0.04699202999472618 30 0.02657172456383705 35 0.7583056050464159 0.4016000000000648
855 0.0015141564654186368 32 0.0009113789419643581 35 0.016989477032258414 0.40090000000006487
856 0.0017329606926068664 35 0.0017329606926068664 35 0.012033072556794054 0.40020000000006495
857 0.002910427050665021 33 0.0011359188938513398 35 0.008195224798695066 0.399500000000065
858 0.016135381534695625 35 0.016135381534695625 35 0.10631056997140127 0.3988000000000651
859 0.07854664325714111 35 0.07854664325714111 35 897.3413477178837 0.3981000000000652
860 0.014768104068934917 35 0.014768104068934917 35 0.034662422218154534 0.39740000000006526
861 0.0008378371712751687 34 0.0008163027232512832 35 0.0014335359289342254 0.39670000000006533
862 0.005164203699678183 35 0.005164203699678183 35 0.00691702843507889 0.3960000000000654
863 0.00522315688431263 35 0.00522315688431263 35 0.02268453602285686 0.3953000000000655
864 0.0005161435692571104 35 0.0005161435692571104 35 0.0008624847038041191 0.39460000000006556
865 0.00041204370791092515 35 0.00041204370791092515 35 0.0030723327000909822 0.39390000000006564
866 0.02632722444832325 32 0.016837025061249733 35 0.1434247947924042 0.3932000000000657
867 0.07668119668960571 35 0.07668119668960571 35 1797.1537535100267 0.3925000000000658
868 0.09612973779439926 33 0.05939963459968567 35 0.5257585660642433 0.3918000000000659
869 0.0027162162587046623 34 0.0021813958883285522 35 0.007883137915593722 0.39110000000006595
870 0.004648376721888781 35 0.004648376721888781 35 0.07265194347801347 0.390400000000066
871 0.00014438560174312443 33 0.0001433003053534776 35 0.0008016844509668873 0.3897000000000661
872 0.04616189002990723 35 0.04616189002990723 35 0.2555687302928385 0.3890000000000662
873 0.013889193534851074 33 0.009841430000960827 35 0.05041253274344381 0.38830000000006626
874 0.025761805474758148 35 0.025761805474758148 35 0.19577395249283613 0.38760000000006634
875 0.003605156671255827 32 0.0005650247330777347 35 0.04324483807292737 0.3869000000000664
876 0.001253552851267159 34 0.0012290560407564044 35 0.002347348988537837 0.3862000000000665
877 0.003443515859544277 23 9.660131763666868e-05 35 0.042978977945612826 0.38550000000006657
878 0.0009383104625158012 35 0.0009383104625158012 35 0.0039028279400058013 0.38480000000006664
879 0.004732478875666857 25 0.0044929455034434795 35 0.16936186727609823 0.3841000000000667
880 0.010657412931323051 26 0.005240640137344599 35 0.14597077644012926 0.3834000000000668
881 0.022235270589590073 35 0.022235270589590073 35 0.4175613265891844 0.3827000000000669
882 0.0066992538049817085 35 0.0066992538049817085 35 0.008844834405870847 0.38200000000006695
883 0.001194315031170845 35 0.001194315031170845 35 0.009994671820899997 0.38130000000006703
884 0.003246943699195981 35 0.003246943699195981 35 0.02905830680009082 0.3806000000000671
885 0.002237900160253048 27 0.0008068173192441463 35 0.04740110158393822 0.3799000000000672
886 0.028682690113782883 33 0.025188418105244637 35 0.2976845260598186 0.37920000000006726
887 0.010745973326265812 35 0.010745973326265812 35 0.015072592160027716 0.37850000000006734
888 0.24702727794647217 34 0.2455437332391739 35 3408.1105681987265 0.3778000000000674
889 0.008533637970685959 35 0.008533637970685959 35 0.047975720319948 0.3771000000000675
890 0.0012593683786690235 33 0.0011414792388677597 35 0.008228315913314459 0.37640000000006757
891 0.023551231250166893 34 0.022942615672945976 35 0.06561173146549658 0.37570000000006765
892 0.00018565623031463474 34 0.00017132602806668729 35 0.0019235156425307276 0.3750000000000677
893 0.002443066332489252 35 0.002443066332489252 35 0.012563769527237633 0.3743000000000678
894 0.0024531022645533085 35 0.0024531022645533085 35 0.04145837326931325 0.3736000000000679
895 0.003206936875358224 35 0.003206936875358224 35 0.031829774492006385 0.37290000000006795
896 0.0013506874674931169 32 0.0012966649373993278 35 0.023127931194699913 0.37220000000006803
897 0.12434156239032745 34 0.12225817888975143 35 2306.5408994541312 0.3715000000000681
898 0.01384695153683424 35 0.01384695153683424 35 0.2661512447294845 0.3708000000000682
899 0.038632407784461975 29 0.013561028055846691 35 0.29389867504794276 0.37010000000006826
900 0.011427730321884155 30 0.008761350996792316 35 0.011825694330655633 0.36940000000006834
901 0.004243745934218168 35 0.004243745934218168 35 0.024686147130860592 0.3687000000000684
902 0.0404936708509922 35 0.0404936708509922 35 0.25442395380591193 0.3680000000000685
903 0.004652322269976139 35 0.004652322269976139 35 0.006729894352714138 0.36730000000006857
904 0.003905239515006542 35 0.003905239515006542 35 0.013020131851858751 0.36660000000006865
905 0.008623369038105011 35 0.008623369038105011 35 0.06866366262466059 0.3659000000000687
906 0.002810931531712413 27 0.0026982894632965326 35 0.03816004084961311 0.3652000000000688
907 0.08031575381755829 26 0.02934940531849861 35 1154.1495767596498 0.3645000000000689
908 0.003264291910454631 33 0.003166401060298085 35 0.023974453005580588 0.36380000000006896
909 0.005684393923729658 32 0.0044470359571278095 35 0.11752567562018282 0.36310000000006903
910 0.010187793523073196 33 0.003232476767152548 35 0.02361886810133919 0.3624000000000691
911 0.0167384073138237 28 0.01480327732861042 35 0.33139103872914527 0.3617000000000692
912 0.0010802210308611393 23 0.00024361205578316003 35 0.02481484887561991 0.36100000000006927
913 0.06897108256816864 31 0.06804866343736649 35 1046.777491925268 0.36030000000006934
914 0.23298735916614532 32 0.15737780928611755 35 1898.9581896255781 0.3596000000000694
915 0.11284040659666061 35 0.11284040659666061 35 1796.885426667838 0.3589000000000695
916 0.0023439109791070223 31 0.001103260787203908 35 0.0003591695546475913 0.3582000000000696
917 0.0031496952287852764 32 0.0028229986783117056 35 0.025100571703278257 0.35750000000006965
918 0.0004733997629955411 30 0.0002668852102942765 35 0.004215075432733544 0.35680000000006973
919 0.10323265939950943 30 0.04086321219801903 35 1696.543151765063 0.3561000000000698
920 0.04698524996638298 35 0.04698524996638298 35 0.30189995688023263 0.3554000000000699
921 0.03585124388337135 30 0.03139675036072731 35 0.48830915643026884 0.35470000000006996
922 0.00046613599988631904 35 0.00046613599988631904 35 0.00636234616367315 0.35400000000007004
923 0.012143886648118496 35 0.012143886648118496 35 0.053324480477708824 0.3533000000000701
924 0.26627054810523987 35 0.26627054810523987 35 4628.630203916469 0.3526000000000702
925 0.004641339182853699 26 0.00336965499445796 35 0.02116789096872557 0.35190000000007027
926 0.07997186481952667 27 0.07483606785535812 35 2364.1081683569237 0.35120000000007034
927 0.051008760929107666 35 0.051008760929107666 35 0.11846478784912973 0.3505000000000704
928 0.19165223836898804 35 0.19165223836898804 35 1796.8207970018407 0.3498000000000705
929 0.030821431428194046 35 0.030821431428194046 35 0.3895977967691804 0.3491000000000706
930 0.028270361945033073 35 0.028270361945033073 35 0.09549750211278363 0.34840000000007065
931 0.018367936834692955 35 0.018367936834692955 35 0.32635670198432837 0.34770000000007073
932 0.0005292681162245572 35 0.0005292681162245572 35 0.0022229451024664494 0.3470000000000708
933 0.0006734284106642008 34 0.0003167463873978704 35 0.005454533493536545 0.3463000000000709
934 0.0411217175424099 33 0.03610489144921303 35 0.11738144388344507 0.34560000000007096
935 0.07224857807159424 35 0.07224857807159424 35 852.482218255104 0.34490000000007104
936 0.22278617322444916 35 0.22278617322444916 35 1796.8470310249506 0.3442000000000711
937 0.016476526856422424 33 0.016380393877625465 35 0.07375139216248261 0.3435000000000712
938 0.00801505334675312 35 0.00801505334675312 35 0.06307427025146338 0.34280000000007127
939 0.016776233911514282 35 0.016776233911514282 35 0.04233635369222599 0.34210000000007135
940 0.0502338670194149 35 0.0502338670194149 35 0.19998120261902666 0.3414000000000714
941 0.0532507449388504 35 0.0532507449388504 35 0.2100109603349326 0.3407000000000715
942 0.1597776859998703 33 0.1468675583600998 35 2444.7624654773517 0.3400000000000716
943 0.6131758689880371 35 0.6131758689880371 35 5980.8606600571675 0.33930000000007166
944 0.028868461027741432 33 0.018826723098754883 35 0.18295694970529544 0.33860000000007173
945 0.009581106714904308 25 8.821777737466618e-05 35 0.14856517942348696 0.3379000000000718
946 0.0007472044671885669 35 0.0007472044671885669 35 0.0025852397018689766 0.3372000000000719
947 0.0019652710761874914 35 0.0019652710761874914 35 0.0129907198956941 0.33650000000007196
948 0.09716713428497314 35 0.09716713428497314 35 897.5169955148325 0.33580000000007204
949 0.03897794336080551 34 0.03888145834207535 35 0.14679284473898332 0.3351000000000721
950 0.17817248404026031 35 0.17817248404026031 35 0.19915462548412638 0.3344000000000722
951 0.005310374312102795 26 0.003385648364201188 35 0.10103859871289408 0.33370000000007227
952 0.04703972861170769 35 0.04703972861170769 35 0.245284886215603 0.33300000000007235
953 0.015272580087184906 35 0.015272580087184906 35 0.0966195728801654 0.3323000000000724
954 0.03795309364795685 35 0.03795309364795685 35 0.11602121775357496 0.3316000000000725
955 0.18753734230995178 35 0.18753734230995178 35 2306.696418953983 0.3309000000000726
956 0.006502858363091946 33 0.004221756476908922 35 0.03579850495269988 0.33020000000007266
957 0.005350848659873009 35 0.005350848659873009 35 0.016828562636284634 0.32950000000007273
958 0.0532551035284996 35 0.0532551035284996 35 0.1450225895860844 0.3288000000000728
959 0.009966065175831318 34 0.00982455350458622 35 0.29303596025533446 0.3281000000000729
960 0.04091169685125351 35 0.04091169685125351 35 0.11500370525228858 0.32740000000007297
961 0.12566223740577698 33 0.10931970924139023 35 0.5942064692428105 0.32670000000007304
962 0.004882603883743286 34 0.004662610590457916 35 0.02008085515537794 0.3260000000000731
963 0.046156737953424454 27 0.032244887202978134 35 0.37515285992155434 0.3253000000000732
964 0.1774277538061142 35 0.1774277538061142 35 0.19335336310315876 0.3246000000000733
965 0.007821249775588512 35 0.007821249775588512 35 0.01801297501748782 0.32390000000007335
966 0.15265211462974548 30 0.1331268846988678 35 2306.8284052847803 0.32320000000007343
967 0.05084175616502762 22 0.040097177028656006 35 0.5055809882804888 0.3225000000000735
968 0.012700775638222694 24 0.006628180388361216 35 0.0947790830086696 0.3218000000000736
969 0.22400246560573578 35 0.22400246560573578 35 1796.9347254186614 0.32110000000007366
970 0.1028226912021637 35 0.1028226912021637 35 2306.8208592655337 0.32040000000007374
971 0.060536112636327744 28 0.027902046218514442 35 0.647296579423595 0.3197000000000738
972 0.20300710201263428 35 0.20300710201263428 35 2843.3371228953292 0.3190000000000739
973 0.0036744680255651474 35 0.0036744680255651474 35 0.020692871407207918 0.31830000000007397
974 0.0036002625711262226 35 0.0036002625711262226 35 0.0029147778942384414 0.31760000000007405
975 0.010221684351563454 34 0.008899316191673279 35 0.10045958676238576 0.3169000000000741
976 0.052245233207941055 32 0.039991822093725204 35 485.0755236163167 0.3162000000000742
977 0.015064259991049767 34 0.014886707998812199 35 0.15650574774911316 0.3155000000000743
978 0.0036668505053967237 34 0.002915372373536229 35 0.025517061837112685 0.31480000000007435
979 0.001067511853761971 32 0.0006793931825086474 35 0.013727487503889475 0.31410000000007443
980 0.012715279124677181 29 0.0017519238172098994 35 0.1474997940325447 0.3134000000000745
981 0.0036460612900555134 31 0.000617379613686353 35 0.04608634051379671 0.3127000000000746
982 0.004759863018989563 30 0.00013000599574297667 35 0.07313383032105784 0.31200000000007466
983 0.0019387096399441361 35 0.0019387096399441361 35 0.012472569253774286 0.31130000000007474
984 0.00636376952752471 31 0.0008458321681246161 35 0.12092245515521133 0.3106000000000748
985 0.04777829721570015 35 0.04777829721570015 35 0.22581793857282434 0.3099000000000749
986 0.014744930900633335 35 0.014744930900633335 35 0.05843643483984476 0.30920000000007497
987 0.13373081386089325 35 0.13373081386089325 35 1796.8670993863059 0.30850000000007505
988 0.00444108946248889 33 0.0038358429446816444 35 0.06322638133816783 0.3078000000000751
989 0.009256584569811821 35 0.009256584569811821 35 0.02426203907260771 0.3071000000000752
990 0.03479080647230148 35 0.03479080647230148 35 0.13774702924772556 0.3064000000000753
991 0.1229100376367569 31 0.06519012153148651 35 3587.541358996956 0.30570000000007536
992 0.00804631132632494 35 0.00804631132632494 35 0.03328616625555673 0.30500000000007543
993 0.00038500354276038706 35 0.00038500354276038706 35 0.0012289511174325392 0.3043000000000755
994 0.0004314391117077321 27 2.503230280126445e-05 35 0.01129507184013826 0.3036000000000756
995 0.0020126444287598133 23 0.00035763252526521683 35 0.007697950564213641 0.30290000000007566
996 0.24513040482997894 35 0.24513040482997894 35 3408.0861178678842 0.30220000000007574
997 0.06892212480306625 35 0.06892212480306625 35 0.3875022412455643 0.3015000000000758
998 0.015614275820553303 35 0.015614275820553303 35 0.16560395041491702 0.3008000000000759
999 0.04225858673453331 35 0.04225858673453331 35 0.3079106412035555 0.300100000000076
