0 0.005288644693791866 33 0.0023559832479804754 35 0.018600516 0.99
1 0.07958417385816574 33 0.07792235165834427 35 852.33875 0.99
2 0.047325387597084045 31 0.004621461965143681 35 0.75970656 0.99
3 0.008420219644904137 32 0.004089667461812496 35 0.028738284 0.99
4 0.003865230828523636 35 0.003865230828523636 35 0.021246472 0.99
5 5.799633436254226e-05 35 5.799633436254226e-05 35 0.0008659742 0.99
6 0.00026500344392843544 35 0.00026500344392843544 35 0.0018833574 0.99
7 0.016570214182138443 35 0.016570214182138443 35 0.068950914 0.99
8 0.0024881591089069843 35 0.0024881591089069843 35 0.017869107 0.99
9 0.0027317001949995756 33 0.00048794009489938617 35 0.015736502 0.99
10 0.0006873797392472625 27 6.396866956492886e-05 35 0.0033924489 0.99
11 0.002568255877122283 35 0.002568255877122283 35 0.011041044 0.99
12 0.0007240921841003001 22 0.00034148493432439864 35 0.0052129887 0.99
13 0.0012716108467429876 25 0.00029731792164966464 35 0.014677649 0.99
14 0.00904044695198536 24 0.0016368761425837874 35 0.10133111 0.9896
15 0.005053156986832619 35 0.005053156986832619 35 0.03656297 0.9889000000000001
16 0.002369857160374522 31 0.00022557347256224602 35 0.00951686 0.9882000000000002
17 0.0006323988200165331 32 8.94432669156231e-05 35 0.0051195947 0.9875000000000003
18 0.030956599861383438 30 0.007210537791252136 35 0.20960058 0.9868000000000003
19 0.032465770840644836 34 0.025655284523963928 35 0.09660447 0.9861000000000004
20 7.39384486223571e-05 27 2.560043503763154e-05 35 0.0029676964 0.9854000000000005
21 0.009308789856731892 29 0.0013226787559688091 35 0.035838503 0.9847000000000006
22 0.003225067863240838 33 0.0030949104111641645 35 0.018008167 0.9840000000000007
23 0.002015934092923999 35 0.002015934092923999 35 0.01732952 0.9833000000000007
24 0.0031903712078928947 35 0.0031903712078928947 35 0.0021177675 0.9826000000000008
25 0.0031548442784696817 34 0.0015586152439936996 35 0.017255088 0.9819000000000009
26 0.008353135548532009 35 0.008353135548532009 35 0.016946232 0.981200000000001
27 0.0022073714062571526 28 0.0019004399655386806 35 0.029751744 0.980500000000001
28 0.0012163370847702026 32 0.0006581879570148885 35 0.010407747 0.9798000000000011
29 0.006296486593782902 26 0.0036633401177823544 35 0.088877946 0.9791000000000012
30 0.0033691544085741043 28 0.0011094531510025263 35 0.037793912 0.9784000000000013
31 0.0031503327190876007 24 0.0013182947877794504 35 0.025555646 0.9777000000000013
32 0.0010301803704351187 35 0.0010301803704351187 35 0.00415453 0.9770000000000014
33 0.02971228025853634 35 0.02971228025853634 35 0.45344567 0.9763000000000015
34 0.00296604516915977 33 0.0014862047974020243 35 0.015784854 0.9756000000000016
35 0.000917211000341922 33 0.0009073639521375299 35 0.010634255 0.9749000000000017
36 0.0031234468333423138 23 0.0006534148124046624 35 0.046919096 0.9742000000000017
37 0.001184986438602209 35 0.001184986438602209 35 0.006253835 0.9735000000000018
38 0.0007587316213175654 30 0.00035697329440154135 35 0.007201223 0.9728000000000019
39 0.005404998082667589 34 0.003651608480140567 35 0.031615257 0.972100000000002
40 0.0028505187947303057 27 0.0023328070528805256 35 0.018508516 0.971400000000002
41 0.0041921683587133884 24 4.832097329199314e-05 35 0.035280474 0.9707000000000021
42 0.05604839697480202 32 0.023001370951533318 35 0.36818832 0.9700000000000022
43 0.01216793805360794 35 0.01216793805360794 35 0.03938656 0.9693000000000023
44 0.00029507261933758855 18 0.0001357714645564556 35 0.005803689 0.9686000000000023
45 0.08691979944705963 30 0.059392210096120834 35 1101.7866 0.9679000000000024
46 0.0028140193317085505 30 9.166450035991147e-05 35 0.022643369 0.9672000000000025
47 0.009511656127870083 35 0.009511656127870083 35 0.0168594 0.9665000000000026
48 0.004375367425382137 31 0.0034927050583064556 35 0.025561985 0.9658000000000027
49 0.0002059105463558808 31 0.0001479944767197594 35 0.0028448734 0.9651000000000027
50 0.004594757687300444 33 0.0018731583841145039 35 0.0543531 0.9644000000000028
51 0.0010486806277185678 35 0.0010486806277185678 35 0.017256472 0.9637000000000029
52 0.005130273289978504 35 0.005130273289978504 35 0.036652844 0.963000000000003
53 0.012622658163309097 32 0.007818256504833698 35 0.039719358 0.962300000000003
54 0.010203367099165916 35 0.010203367099165916 35 0.057405185 0.9616000000000031
55 0.0001782184117473662 35 0.0001782184117473662 35 0.0029735933 0.9609000000000032
56 0.0002334078453714028 35 0.0002334078453714028 35 0.00381802 0.9602000000000033
57 0.0055364263243973255 35 0.0055364263243973255 35 0.010575366 0.9595000000000034
58 0.03620913624763489 35 0.03620913624763489 35 0.2743658 0.9588000000000034
59 0.022334476932883263 31 0.007971893064677715 35 0.19837259 0.9581000000000035
60 0.0019284102600067854 25 5.930739462201018e-06 35 0.020740807 0.9574000000000036
61 0.010191233828663826 24 0.004624974448233843 35 0.11154768 0.9567000000000037
62 0.0021502289455384016 33 0.001423140987753868 35 0.013769708 0.9560000000000037
63 0.030941039323806763 30 0.0012612156569957733 35 0.17005399 0.9553000000000038
64 0.0038032883312553167 35 0.0038032883312553167 35 0.07860331 0.9546000000000039
65 0.0070399013347923756 35 0.0070399013347923756 35 0.07546606 0.953900000000004
66 0.004931565839797258 34 0.004782450385391712 35 0.029085658 0.953200000000004
67 0.0005755822639912367 34 0.0003231159062124789 35 0.003855162 0.9525000000000041
68 0.005955090280622244 35 0.005955090280622244 35 0.035302103 0.9518000000000042
69 0.0017176432302221656 25 0.0015611288836225867 35 0.030973317 0.9511000000000043
70 0.0029726787470281124 33 0.0028645035345107317 35 0.04618906 0.9504000000000044
71 0.000503669842146337 35 0.000503669842146337 35 0.002491172 0.9497000000000044
72 0.004205500707030296 33 0.004070842172950506 35 0.031452667 0.9490000000000045
73 0.0036085695028305054 29 0.0013909400440752506 35 0.0077319667 0.9483000000000046
74 0.004460828844457865 35 0.004460828844457865 35 0.024536915 0.9476000000000047
75 0.0008682627812959254 28 0.0008582662558183074 35 0.0063623525 0.9469000000000047
76 0.011355998925864697 35 0.011355998925864697 35 0.10591982 0.9462000000000048
77 0.0018479007994756103 33 0.001521588652394712 35 0.029105138 0.9455000000000049
78 0.0029282791074365377 35 0.0029282791074365377 35 0.010175832 0.944800000000005
79 0.003531954251229763 22 0.00041882548248395324 35 0.046991453 0.944100000000005
80 0.000990266096778214 28 0.0004299506254028529 35 0.008838486 0.9434000000000051
81 0.040782228112220764 33 0.037486232817173004 35 0.43156925 0.9427000000000052
82 0.008018529042601585 35 0.008018529042601585 35 0.019338964 0.9420000000000053
83 0.003872901201248169 29 0.0037850586231797934 35 0.015845016 0.9413000000000054
84 0.0009125067153945565 32 0.00037317900569178164 35 0.0060537425 0.9406000000000054
85 0.0005494705401360989 32 0.0005138588021509349 35 0.0040597185 0.9399000000000055
86 0.00017871132877189666 33 0.00016539619537070394 35 0.0020347114 0.9392000000000056
87 0.002548869699239731 31 0.0009060049196705222 35 0.02803946 0.9385000000000057
88 0.0013506356626749039 35 0.0013506356626749039 35 0.008924109 0.9378000000000057
89 0.007771367207169533 29 0.0034969209227710962 35 0.069111414 0.9371000000000058
90 0.01956905610859394 26 0.006646525114774704 35 0.11926255 0.9364000000000059
91 0.018360178917646408 33 0.01608104817569256 35 0.19419414 0.935700000000006
92 5.74286314076744e-05 35 5.74286314076744e-05 35 0.00020738613 0.935000000000006
93 0.0018450344214215875 35 0.0018450344214215875 35 0.0014534275 0.9343000000000061
94 0.010001016780734062 35 0.010001016780734062 35 0.034766417 0.9336000000000062
95 0.029465707018971443 27 0.001743529224768281 35 0.34447905 0.9329000000000063
96 0.0018166417721658945 35 0.0018166417721658945 35 0.0047584996 0.9322000000000064
97 0.000933705479837954 29 0.0001827266241889447 35 0.009727592 0.9315000000000064
98 0.0032222685404121876 35 0.0032222685404121876 35 0.026214108 0.9308000000000065
99 0.01821565069258213 35 0.01821565069258213 35 0.057089295 0.9301000000000066
100 5.0332102546235546e-05 20 2.1891919459449127e-05 35 0.00091878156 0.9294000000000067
101 0.004095232579857111 26 0.001181132858619094 35 0.027193952 0.9287000000000067
102 0.004289478063583374 32 0.003958739805966616 35 0.051146332 0.9280000000000068
103 0.017241112887859344 35 0.017241112887859344 35 0.03844268 0.9273000000000069
104 0.002689308486878872 32 0.0018697917694225907 35 0.013161468 0.926600000000007
105 0.00028038336313329637 27 1.9882618289557286e-05 35 0.0026270451 0.925900000000007
106 0.001392054371535778 35 0.001392054371535778 35 0.0075280163 0.9252000000000071
107 0.004963178187608719 35 0.004963178187608719 35 0.041813157 0.9245000000000072
108 0.00012933844118379056 29 6.032532837707549e-05 35 0.00085183984 0.9238000000000073
109 0.04729478806257248 32 0.040741559118032455 35 0.53601766 0.9231000000000074
110 0.004292163532227278 35 0.004292163532227278 35 0.02450712 0.9224000000000074
111 0.00016629994206596166 35 0.00016629994206596166 35 0.0007530529 0.9217000000000075
112 0.0003063371987082064 29 0.0001605337020009756 35 0.0022524728 0.9210000000000076
113 0.006456173025071621 35 0.006456173025071621 35 0.028176356 0.9203000000000077
114 0.003287411294877529 29 0.0020604317542165518 35 0.038117353 0.9196000000000077
115 0.0039384085685014725 35 0.0039384085685014725 35 0.019924026 0.9189000000000078
116 0.0004769788065459579 32 0.00046328167081810534 35 0.012754808 0.9182000000000079
117 0.0014610259095206857 35 0.0014610259095206857 35 0.005727814 0.917500000000008
118 0.0003375582746230066 35 0.0003375582746230066 35 0.0011147921 0.916800000000008
119 0.0008406367269344628 23 4.9053673137677833e-05 35 0.009520537 0.9161000000000081
120 0.0010514284949749708 33 0.0005954247899353504 35 0.011353673 0.9154000000000082
121 0.0016196981305256486 24 0.00047307650675065815 35 0.025935605 0.9147000000000083
122 0.0004395324212964624 35 0.0004395324212964624 35 0.0012850062 0.9140000000000084
123 0.0007773644756525755 35 0.0007773644756525755 35 0.007487286 0.9133000000000084
124 0.00851540919393301 35 0.00851540919393301 35 0.022759022 0.9126000000000085
125 0.0007032215944491327 26 0.00012174213770776987 35 0.009748726 0.9119000000000086
126 0.11178600788116455 35 0.11178600788116455 35 1312.4789 0.9112000000000087
127 0.0022153188474476337 34 0.0012210807763040066 35 0.004555873 0.9105000000000087
128 0.019345935434103012 35 0.019345935434103012 35 0.039531976 0.9098000000000088
129 0.00040111428825184703 30 0.00031334933009929955 35 0.0052662618 0.9091000000000089
130 0.0007861973717808723 35 0.0007861973717808723 35 0.006643417 0.908400000000009
131 0.00422342773526907 25 0.0008980092243291438 35 0.035312217 0.907700000000009
132 0.018978189677000046 35 0.018978189677000046 35 0.13648506 0.9070000000000091
133 0.0009689013240858912 34 0.0009040264994837344 35 0.009597997 0.9063000000000092
134 0.0015731195453554392 32 0.00024356230278499424 35 0.014880046 0.9056000000000093
135 0.0023325004149228334 30 0.0012543880147859454 35 0.005241461 0.9049000000000094
136 0.002397655276581645 35 0.002397655276581645 35 0.024401426 0.9042000000000094
137 0.004117514472454786 23 0.00016976200276985765 35 0.04349753 0.9035000000000095
138 0.0003511507238727063 28 2.168349237763323e-05 35 0.0044596633 0.9028000000000096
139 0.00018395141523797065 20 6.0726553783752024e-05 35 0.004510042 0.9021000000000097
140 0.0024678960908204317 29 0.001507848734036088 35 0.015090557 0.9014000000000097
141 0.0021083615720272064 34 0.002078140852972865 35 0.011265005 0.9007000000000098
142 0.0009495502454228699 24 0.0005483645363710821 35 0.009202566 0.9000000000000099
143 0.0034996832255274057 35 0.0034996832255274057 35 0.003633669 0.89930000000001
144 0.010185008868575096 34 0.006696405820548534 35 0.08540724 0.8986000000000101
145 0.012967871502041817 35 0.012967871502041817 35 0.03189786 0.8979000000000101
146 0.003941780421882868 35 0.003941780421882868 35 0.0152767785 0.8972000000000102
147 0.0006449562497437 27 0.0003256905765738338 35 0.009942339 0.8965000000000103
148 0.00124632369261235 35 0.00124632369261235 35 0.014134492 0.8958000000000104
149 0.0009134929860010743 26 0.0003084400959778577 35 0.0038459338 0.8951000000000104
150 0.0010159414960071445 31 0.0006418194388970733 35 0.0070784697 0.8944000000000105
151 0.0029494662303477526 34 0.0029261268209666014 35 0.030362237 0.8937000000000106
152 0.0070660836063325405 33 0.0014535319060087204 35 0.069328964 0.8930000000000107
153 0.005872055422514677 32 0.0014174154493957758 35 0.015960036 0.8923000000000108
154 0.002218439942225814 35 0.002218439942225814 35 0.009666303 0.8916000000000108
155 0.03812548518180847 35 0.03812548518180847 35 0.2838957 0.8909000000000109
156 0.0003771613701246679 35 0.0003771613701246679 35 0.00059138867 0.890200000000011
157 0.00022461256594397128 35 0.00022461256594397128 35 0.0013321086 0.8895000000000111
158 0.07742387056350708 28 0.0376945436000824 35 0.5419231 0.8888000000000111
159 0.0027089016512036324 23 0.0005725534865632653 35 0.049410824 0.8881000000000112
160 0.008264584466814995 27 0.0056336321868002415 35 0.12695353 0.8874000000000113
161 0.019770540297031403 35 0.019770540297031403 35 0.043511663 0.8867000000000114
162 0.0006127160741016269 30 0.00010729114728746936 35 0.004461869 0.8860000000000114
163 0.0005769443814642727 31 0.00047190036275424063 35 0.00448546 0.8853000000000115
164 0.005961996503174305 35 0.005961996503174305 35 0.0014758841 0.8846000000000116
165 0.006668869871646166 35 0.006668869871646166 35 0.039332926 0.8839000000000117
166 0.0003773762146010995 35 0.0003773762146010995 35 0.0039146272 0.8832000000000118
167 0.0011774825397878885 35 0.0011774825397878885 35 0.012136767 0.8825000000000118
168 0.009382257238030434 30 0.0014909942401573062 35 0.060416717 0.8818000000000119
169 0.03918080776929855 32 0.021961906924843788 35 0.11819082 0.881100000000012
170 0.00503520155325532 35 0.00503520155325532 35 0.036434885 0.8804000000000121
171 0.0027730781584978104 35 0.0027730781584978104 35 0.02148807 0.8797000000000121
172 0.04538498446345329 28 0.008960172533988953 35 0.4080199 0.8790000000000122
173 0.0006029089563526213 34 0.0005887135630473495 35 0.0037608815 0.8783000000000123
174 0.007000534795224667 35 0.007000534795224667 35 0.02590747 0.8776000000000124
175 0.0003936381544917822 21 0.00011223325418541208 35 0.009245109 0.8769000000000124
176 0.003126674098894 34 0.0031114742159843445 35 0.023988962 0.8762000000000125
177 0.020706286653876305 30 0.018567387014627457 35 0.13473088 0.8755000000000126
178 0.0040545095689594746 33 0.0024288028944283724 35 0.048224483 0.8748000000000127
179 0.0977189764380455 35 0.0977189764380455 35 0.022083608 0.8741000000000128
180 0.004804939031600952 33 0.004248952958732843 35 0.052458722 0.8734000000000128
181 0.0027535215485841036 29 0.0019210648024454713 35 0.023543637 0.8727000000000129
182 0.002498624147847295 30 0.0017603646265342832 35 0.022855435 0.872000000000013
183 0.000222093440243043 32 0.00021759083028882742 35 0.0024022288 0.8713000000000131
184 0.0008950248593464494 35 0.0008950248593464494 35 0.0036038065 0.8706000000000131
185 0.0013911094283685088 33 0.0012502039317041636 35 0.007960386 0.8699000000000132
186 0.012003414332866669 34 0.011545490473508835 35 0.14838488 0.8692000000000133
187 0.00024592565023340285 20 9.186509851133451e-05 35 0.0018706378 0.8685000000000134
188 0.005110672675073147 34 0.005091212689876556 35 0.025241375 0.8678000000000134
189 0.03573061525821686 35 0.03573061525821686 35 0.16491641 0.8671000000000135
190 0.009924306534230709 35 0.009924306534230709 35 0.07703684 0.8664000000000136
191 0.006489241495728493 35 0.006489241495728493 35 0.038752228 0.8657000000000137
192 0.0006093586562201381 35 0.0006093586562201381 35 0.0037008885 0.8650000000000138
193 0.0014901511603966355 34 0.0006592830759473145 35 0.0030479443 0.8643000000000138
194 0.002547897631302476 33 0.0014572329819202423 35 0.009919618 0.8636000000000139
195 0.00025795691180974245 34 0.0002562813460826874 35 0.0017718069 0.862900000000014
196 0.004885940812528133 30 0.0036901007406413555 35 0.05082252 0.8622000000000141
197 0.002989867003634572 29 0.0015728240832686424 35 0.03871459 0.8615000000000141
198 0.00014142300642561167 27 9.15278542379383e-06 35 0.00095857476 0.8608000000000142
199 0.003398618893697858 35 0.003398618893697858 35 0.012853778 0.8601000000000143
200 0.0003760715189855546 34 0.00035446533001959324 35 0.002917986 0.8594000000000144
201 0.00010637567174853757 35 0.00010637567174853757 35 0.00075301307 0.8587000000000145
202 0.00010012276470661163 32 4.278824053471908e-05 35 0.00079852674 0.8580000000000145
203 0.0018173792632296681 35 0.0018173792632296681 35 0.005138713 0.8573000000000146
204 0.0022241524420678616 35 0.0022241524420678616 35 0.022704357 0.8566000000000147
205 0.0011703218333423138 27 0.00010215918155154213 35 0.012287583 0.8559000000000148
206 0.002149302512407303 35 0.002149302512407303 35 0.018834442 0.8552000000000148
207 0.006580340676009655 32 0.003560348181053996 35 0.07931922 0.8545000000000149
208 0.00044118103687651455 35 0.00044118103687651455 35 0.00884465 0.853800000000015
209 0.00553555553779006 30 0.0047015235759317875 35 0.029004151 0.8531000000000151
210 0.03092672862112522 35 0.03092672862112522 35 0.08594695 0.8524000000000151
211 0.00016263251018244773 31 0.00013651397603098303 35 0.002515995 0.8517000000000152
212 0.007329881656914949 35 0.007329881656914949 35 0.020040419 0.8510000000000153
213 0.0006806705496273935 32 0.00036509105120785534 35 0.0035534825 0.8503000000000154
214 0.0006612531142309308 30 0.00020510033937171102 35 0.009657981 0.8496000000000155
215 0.0009828999172896147 33 0.0007717896951362491 35 0.0041441987 0.8489000000000155
216 0.00018670738791115582 24 0.0001460533676436171 35 0.0034539942 0.8482000000000156
217 0.002118163276463747 33 0.0018324611010029912 35 0.027141646 0.8475000000000157
218 0.005262002814561129 31 0.0011598835699260235 35 0.039186552 0.8468000000000158
219 0.003974292892962694 33 0.0018842880381271243 35 0.0284801 0.8461000000000158
220 0.015205800533294678 28 0.0006410321802832186 35 0.14161913 0.8454000000000159
221 0.0009204612579196692 35 0.0009204612579196692 35 0.0022569178 0.844700000000016
222 0.001421490334905684 31 0.00032338412711396813 35 0.009180399 0.8440000000000161
223 0.0012840944109484553 28 0.0004289085336495191 35 0.01302467 0.8433000000000161
224 0.010024608112871647 35 0.010024608112871647 35 0.042459052 0.8426000000000162
225 0.011037013493478298 35 0.011037013493478298 35 0.07883755 0.8419000000000163
226 0.006007790565490723 35 0.006007790565490723 35 0.0319936 0.8412000000000164
227 0.00045358281931839883 25 0.0003305188729427755 35 0.009263203 0.8405000000000165
228 0.003601200645789504 27 0.002631492679938674 35 0.041875515 0.8398000000000165
229 0.0015381663106381893 35 0.0015381663106381893 35 0.01378716 0.8391000000000166
230 0.004896551836282015 33 0.002331104129552841 35 0.019014753 0.8384000000000167
231 0.002806609496474266 34 0.002779917558655143 35 0.013831854 0.8377000000000168
232 0.0017557985847815871 34 0.0017375553725287318 35 0.0062641324 0.8370000000000168
233 0.0015210846904665232 35 0.0015210846904665232 35 0.007655478 0.8363000000000169
234 0.0008764647645875812 33 2.4700360881979577e-05 35 0.0065640635 0.835600000000017
235 0.00048076474922709167 33 0.0002650399401318282 35 0.0031036597 0.8349000000000171
236 0.0017890455201268196 35 0.0017890455201268196 35 0.0069371206 0.8342000000000172
237 0.0037725460715591908 35 0.0037725460715591908 35 0.013421657 0.8335000000000172
238 0.001024373690597713 35 0.001024373690597713 35 0.00022815277 0.8328000000000173
239 0.0009470295044593513 31 0.0003192633157595992 35 0.006927358 0.8321000000000174
240 0.008147181011736393 35 0.008147181011736393 35 0.06603277 0.8314000000000175
241 0.0018072956008836627 35 0.0018072956008836627 35 0.0018520796 0.8307000000000175
242 0.0015513704856857657 35 0.0015513704856857657 35 0.0065291664 0.8300000000000176
243 0.00934041477739811 30 0.002422353019937873 35 0.06617885 0.8293000000000177
244 0.000546092283912003 33 0.00036293172161094844 35 0.0067945337 0.8286000000000178
245 0.0015755068743601441 35 0.0015755068743601441 35 0.0040051984 0.8279000000000178
246 0.003990528639405966 35 0.003990528639405966 35 0.026854051 0.8272000000000179
247 0.0019409836968407035 27 0.0018242399673908949 35 0.028999057 0.826500000000018
248 0.06298329681158066 35 0.06298329681158066 35 0.13498609 0.8258000000000181
249 0.00781694334000349 29 0.006274545565247536 35 0.02282897 0.8251000000000182
250 1.8522505342843942e-05 25 8.1823463915498e-06 35 0.00018685115 0.8244000000000182
251 0.0016597537323832512 35 0.0016597537323832512 35 0.016506856 0.8237000000000183
252 0.0026120245456695557 29 0.0016966137336567044 35 0.010054159 0.8230000000000184
253 0.0006395494565367699 31 0.00014180445577949286 35 0.012941086 0.8223000000000185
254 0.0010327129857614636 34 0.00042632780969142914 35 0.006255606 0.8216000000000185
255 0.0007420212496072054 35 0.0007420212496072054 35 0.013298503 0.8209000000000186
256 0.0002604007313493639 35 0.0002604007313493639 35 0.0017756006 0.8202000000000187
257 0.0009844362502917647 34 0.00096610450418666 35 0.004838369 0.8195000000000188
258 0.0021267407573759556 30 0.0015659164637327194 35 0.030108618 0.8188000000000188
259 0.06943880021572113 29 0.04111476615071297 35 1696.4839 0.8181000000000189
260 0.011616721749305725 33 0.008381777442991734 35 0.08134258 0.817400000000019
261 0.0002710499975364655 27 0.00013600161764770746 35 0.0019328481 0.8167000000000191
262 0.003215049160644412 34 0.003085632575675845 35 0.01477628 0.8160000000000192
263 0.0003441165608819574 35 0.0003441165608819574 35 0.0018906544 0.8153000000000192
264 0.008330986835062504 32 0.003668002085760236 35 0.029412253 0.8146000000000193
265 0.003311270847916603 35 0.003311270847916603 35 0.013379159 0.8139000000000194
266 0.0017967295134440064 35 0.0017967295134440064 35 0.0073667513 0.8132000000000195
267 0.000884003471583128 28 0.0007818423327989876 35 0.010082965 0.8125000000000195
268 0.0006954979617148638 34 0.0006936753052286804 35 0.0028580872 0.8118000000000196
269 0.002557732630521059 20 0.0005323048681020737 35 0.05230854 0.8111000000000197
270 0.009285460226237774 35 0.009285460226237774 35 0.0044186283 0.8104000000000198
271 0.000262942019617185 28 0.00013794972619507462 35 0.0024611652 0.8097000000000198
272 0.0028814226388931274 25 0.000761499919462949 35 0.005152878 0.8090000000000199
273 0.0005998506094329059 28 9.943075565388426e-05 35 0.016742483 0.80830000000002
274 0.0020155669189989567 32 0.0007698552217334509 35 0.00447259 0.8076000000000201
275 0.006784701254218817 30 0.0025667764712125063 35 0.0612061 0.8069000000000202
276 0.004763065371662378 35 0.004763065371662378 35 0.062204197 0.8062000000000202
277 0.09757993370294571 30 0.07311008870601654 35 1046.9076 0.8055000000000203
278 0.00037985830567777157 27 0.00020836411567870528 35 0.0065786066 0.8048000000000204
279 0.0004895147867500782 26 0.00035483812098391354 35 0.012452512 0.8041000000000205
280 0.004456669092178345 23 0.0027468835469335318 35 0.050297614 0.8034000000000205
281 0.02447003498673439 33 0.0193979162722826 35 0.16935985 0.8027000000000206
282 0.01779976300895214 35 0.01779976300895214 35 0.11614377 0.8020000000000207
283 0.00878197606652975 33 0.005279568489640951 35 0.06667079 0.8013000000000208
284 0.030963055789470673 35 0.030963055789470673 35 0.11092977 0.8006000000000209
285 0.06607258319854736 35 0.06607258319854736 35 0.18369785 0.7999000000000209
286 0.011789785698056221 30 0.0028826280031353235 35 0.1673254 0.799200000000021
287 0.0003942105104215443 26 0.00024410130572505295 35 0.004241798 0.7985000000000211
288 0.0036891670897603035 32 0.003650499740615487 35 0.009480055 0.7978000000000212
289 0.012769707478582859 32 0.011946459300816059 35 0.08857046 0.7971000000000212
290 0.004905022215098143 34 0.004832844249904156 35 0.021433715 0.7964000000000213
291 0.0029454596806317568 29 0.0024807543959468603 35 0.030904742 0.7957000000000214
292 0.0032836191821843386 35 0.0032836191821843386 35 0.024898086 0.7950000000000215
293 0.01960933580994606 35 0.01960933580994606 35 0.064697586 0.7943000000000215
294 0.0018190410919487476 31 0.00011561842256924137 35 0.013564386 0.7936000000000216
295 0.0003687271091621369 20 0.0002357613411732018 35 0.008235361 0.7929000000000217
296 0.00037088702083565295 35 0.00037088702083565295 35 0.002128156 0.7922000000000218
297 0.015434023924171925 35 0.015434023924171925 35 0.009321125 0.7915000000000219
298 0.012431864626705647 35 0.012431864626705647 35 0.11237915 0.7908000000000219
299 0.0035572631750255823 33 0.0031623276881873608 35 0.059866052 0.790100000000022
300 0.015373911708593369 33 0.006606109905987978 35 0.09298499 0.7894000000000221
301 0.019047100096940994 35 0.019047100096940994 35 0.13353464 0.7887000000000222
302 0.00015527389768976718 31 0.00013939592463430017 35 0.0009904095 0.7880000000000222
303 0.0019576619379222393 35 0.0019576619379222393 35 0.005086446 0.7873000000000223
304 0.00293019344098866 35 0.00293019344098866 35 0.0072032656 0.7866000000000224
305 0.0018351272447034717 30 0.0009122484480030835 35 0.02871351 0.7859000000000225
306 5.8873269153991714e-05 30 1.5159071153902914e-05 35 0.0007992571 0.7852000000000225
307 0.00015903470921330154 32 0.00014799732889514416 35 0.00034627787 0.7845000000000226
308 0.0032664535101503134 32 0.002611537929624319 35 0.01741602 0.7838000000000227
309 0.0038340704049915075 35 0.0038340704049915075 35 0.036706902 0.7831000000000228
310 0.02741134725511074 34 0.027140721678733826 35 0.18554837 0.7824000000000229
311 0.0008099725819192827 35 0.0008099725819192827 35 0.005791167 0.7817000000000229
312 0.00857276190072298 35 0.00857276190072298 35 0.07252307 0.781000000000023
313 0.0006945938221178949 30 0.00030482347938232124 35 0.00241274 0.7803000000000231
314 0.00993611104786396 35 0.00993611104786396 35 0.018359862 0.7796000000000232
315 0.0017887386493384838 27 0.0015412125503644347 35 0.027463494 0.7789000000000232
316 0.0910944938659668 29 0.08159273117780685 35 1635.8658 0.7782000000000233
317 0.002135063987225294 28 0.0012733647599816322 35 0.027784692 0.7775000000000234
318 0.0010215286165475845 31 0.000767416029702872 35 0.0071065957 0.7768000000000235
319 0.003209886606782675 35 0.003209886606782675 35 0.01773147 0.7761000000000235
320 0.015864217653870583 34 0.015285474248230457 35 0.07840291 0.7754000000000236
321 0.01618596911430359 35 0.01618596911430359 35 0.09333004 0.7747000000000237
322 0.026381857693195343 35 0.026381857693195343 35 0.23816533 0.7740000000000238
323 0.0012708046706393361 33 0.0005850772722624242 35 0.0114376545 0.7733000000000239
324 0.004951230715960264 23 0.0004236928070895374 35 0.045797322 0.7726000000000239
325 0.009861811995506287 32 0.0034039635211229324 35 0.055967327 0.771900000000024
326 0.0033519237767904997 35 0.0033519237767904997 35 0.0091479635 0.7712000000000241
327 0.00010251154890283942 33 9.128806414082646e-05 35 0.0015272737 0.7705000000000242
328 0.016000792384147644 34 0.014554890803992748 35 0.21384934 0.7698000000000242
329 0.00048123416490852833 35 0.00048123416490852833 35 0.0043057404 0.7691000000000243
330 0.00024473463417962193 33 0.00023279132437892258 35 0.0044187326 0.7684000000000244
331 0.0031742004211992025 35 0.0031742004211992025 35 0.0075096264 0.7677000000000245
332 0.02752302587032318 33 0.02723878249526024 35 0.3228302 0.7670000000000246
333 0.01496538519859314 35 0.01496538519859314 35 0.0647383 0.7663000000000246
334 0.001367493299767375 35 0.001367493299767375 35 0.015112631 0.7656000000000247
335 0.005996991414576769 29 0.0042538209818303585 35 0.022478655 0.7649000000000248
336 0.0007264509331434965 35 0.0007264509331434965 35 0.006296559 0.7642000000000249
337 0.025780269876122475 33 0.009882435202598572 35 0.07617522 0.7635000000000249
338 0.0009432588703930378 34 0.0009263795800507069 35 0.0125282705 0.762800000000025
339 0.001526901964098215 31 0.0013046683743596077 35 0.014915364 0.7621000000000251
340 0.0008566892356611788 33 0.0007911061984486878 35 0.013981394 0.7614000000000252
341 0.0033422664273530245 35 0.0033422664273530245 35 0.017668689 0.7607000000000252
342 0.012475905008614063 35 0.012475905008614063 35 0.06443268 0.7600000000000253
343 0.0006558567401953042 28 9.81900593615137e-05 35 0.009994094 0.7593000000000254
344 0.0030523152090609074 35 0.0030523152090609074 35 0.0068569067 0.7586000000000255
345 0.0002799821668304503 35 0.0002799821668304503 35 0.0023568203 0.7579000000000256
346 0.006098191253840923 32 0.001334589789621532 35 0.018973982 0.7572000000000256
347 0.0038107503205537796 35 0.0038107503205537796 35 0.032413684 0.7565000000000257
348 0.0008466060971841216 23 0.0006805821321904659 35 0.014158533 0.7558000000000258
349 0.0003090711834374815 27 5.2465540647972375e-05 35 0.002923594 0.7551000000000259
350 0.021437378600239754 31 0.014742535538971424 35 0.1097665 0.7544000000000259
351 0.007264754269272089 34 0.007196568418294191 35 0.072913714 0.753700000000026
352 0.000229850469622761 35 0.000229850469622761 35 0.0019284476 0.7530000000000261
353 0.0003063873737119138 35 0.0003063873737119138 35 0.0021775283 0.7523000000000262
354 0.0008111147908493876 27 6.419271812774241e-05 35 0.0034678977 0.7516000000000262
355 0.0037839969154447317 25 0.001753588323481381 35 0.037074603 0.7509000000000263
356 0.0010666482849046588 35 0.0010666482849046588 35 0.0032307473 0.7502000000000264
357 0.046803660690784454 35 0.046803660690784454 35 0.2859156 0.7495000000000265
358 0.011048696003854275 35 0.011048696003854275 35 0.052941572 0.7488000000000266
359 0.0002635131822898984 30 0.00011060939868912101 35 0.00015665515 0.7481000000000266
360 0.039059653878211975 35 0.039059653878211975 35 0.40830994 0.7474000000000267
361 0.005422661546617746 29 0.003987480420619249 35 0.032940693 0.7467000000000268
362 0.007374399807304144 31 0.005438569001853466 35 0.060090847 0.7460000000000269
363 0.006344357971101999 35 0.006344357971101999 35 0.021336978 0.7453000000000269
364 0.0018826313316822052 35 0.0018826313316822052 35 0.003110386 0.744600000000027
365 0.005912633612751961 35 0.005912633612751961 35 0.032337826 0.7439000000000271
366 0.03457744047045708 33 0.028730137273669243 35 0.3332443 0.7432000000000272
367 0.0008597482810728252 34 0.0008371594594791532 35 0.0046702405 0.7425000000000272
368 0.017175128683447838 32 0.015944458544254303 35 0.10703214 0.7418000000000273
369 0.0021237069740891457 33 0.0008568959892727435 35 0.015150347 0.7411000000000274
370 0.0027870775666087866 35 0.0027870775666087866 35 0.012007625 0.7404000000000275
371 0.00026572993374429643 24 3.18976744893007e-05 35 0.0046923435 0.7397000000000276
372 0.07856598496437073 33 0.06036452576518059 35 0.38584492 0.7390000000000276
373 0.002944735810160637 35 0.002944735810160637 35 0.02188755 0.7383000000000277
374 0.01541486568748951 35 0.01541486568748951 35 0.07478436 0.7376000000000278
375 0.01948334462940693 35 0.01948334462940693 35 0.0811872 0.7369000000000279
376 0.010116606019437313 32 0.007243905682116747 35 0.07668509 0.7362000000000279
377 0.000667361484374851 35 0.000667361484374851 35 0.0034914934 0.735500000000028
378 0.010565930046141148 34 0.010539150796830654 35 0.086411946 0.7348000000000281
379 0.0004074671887792647 22 0.0001052300285664387 35 0.00437076 0.7341000000000282
380 0.0770367980003357 35 0.0770367980003357 35 994.4375 0.7334000000000283
381 0.029601329937577248 35 0.029601329937577248 35 0.17585647 0.7327000000000283
382 0.0017251726239919662 28 0.0017156448448076844 35 0.0140809575 0.7320000000000284
383 0.004546659532934427 25 0.0014069810276851058 35 0.04216539 0.7313000000000285
384 9.916644921759143e-05 35 9.916644921759143e-05 35 0.0011748159 0.7306000000000286
385 0.0001604037097422406 32 1.497634730185382e-05 35 0.0029434948 0.7299000000000286
386 0.00041893517482094467 35 0.00041893517482094467 35 0.0039777327 0.7292000000000287
387 0.017953258007764816 35 0.017953258007764816 35 0.044691868 0.7285000000000288
388 0.004803038202226162 34 0.004712727852165699 35 0.034190603 0.7278000000000289
389 0.003809744492173195 24 0.002551644342020154 35 0.05517232 0.727100000000029
390 0.0494232177734375 35 0.0494232177734375 35 0.20727548 0.726400000000029
391 0.0009379980037920177 33 0.00047742456081323326 35 0.0045894943 0.7257000000000291
392 0.003375183790922165 32 0.001837091171182692 35 0.024327662 0.7250000000000292
393 0.006307088304311037 35 0.006307088304311037 35 0.018843751 0.7243000000000293
394 0.009964711032807827 34 0.009749363176524639 35 0.08406818 0.7236000000000293
395 4.3921725591644645e-05 29 2.8060296244802885e-05 35 0.0008506808 0.7229000000000294
396 0.0005023207049816847 28 0.0002884088607970625 35 0.0053247744 0.7222000000000295
397 3.471624222584069e-05 14 2.223138653789647e-05 35 0.0011636795 0.7215000000000296
398 0.005009476561099291 35 0.005009476561099291 35 0.032468367 0.7208000000000296
399 0.056907135993242264 35 0.056907135993242264 35 1046.6642 0.7201000000000297
400 0.0038927998393774033 31 0.0024726346600800753 35 0.036453523 0.7194000000000298
401 0.0010208326857537031 35 0.0010208326857537031 35 0.0048377574 0.7187000000000299
402 0.00018800608813762665 21 1.5085969607753213e-05 35 0.0026460849 0.71800000000003
403 0.011466462165117264 33 0.006589686963707209 35 0.031471536 0.71730000000003
404 0.005223611369729042 26 0.0013605133863165975 35 0.06722649 0.7166000000000301
405 0.02124803140759468 32 0.014237604103982449 35 0.29822522 0.7159000000000302
406 0.004393246956169605 34 0.003675392596051097 35 0.03880869 0.7152000000000303
407 0.00030146370409056544 33 0.0002850146556738764 35 0.0049103666 0.7145000000000303
408 0.001028283848427236 26 0.0006651609437540174 35 0.015131394 0.7138000000000304
409 0.0020848570857197046 34 0.002061760053038597 35 0.009530489 0.7131000000000305
410 0.00596344331279397 24 0.0007237897370941937 35 0.06101346 0.7124000000000306
411 0.015136612579226494 35 0.015136612579226494 35 0.053918347 0.7117000000000306
412 0.0009582345373928547 29 0.0006191863212734461 35 0.0064336434 0.7110000000000307
413 0.0038400643970817327 35 0.0038400643970817327 35 0.023845827 0.7103000000000308
414 0.007913696579635143 35 0.007913696579635143 35 0.0620803 0.7096000000000309
415 0.019205773249268532 35 0.019205773249268532 35 0.050546758 0.708900000000031
416 0.0020551555790007114 30 0.0011275314027443528 35 0.015632054 0.708200000000031
417 0.006183551624417305 32 0.001435491256415844 35 0.08456097 0.7075000000000311
418 0.0005759045598097146 30 0.0004550082376226783 35 0.010775882 0.7068000000000312
419 0.00020705346832983196 28 6.391716306097806e-05 35 0.0033152536 0.7061000000000313
420 0.0033472569193691015 35 0.0033472569193691015 35 0.0041079456 0.7054000000000313
421 0.024200834333896637 34 0.020846761763095856 35 0.14506501 0.7047000000000314
422 0.003019893541932106 34 0.0023563310969620943 35 0.0349999 0.7040000000000315
423 0.009127861820161343 35 0.009127861820161343 35 0.045408107 0.7033000000000316
424 0.0008231232641264796 35 0.0008231232641264796 35 0.0039151767 0.7026000000000316
425 0.00030055263778194785 27 4.05082137149293e-05 35 0.0016725563 0.7019000000000317
426 0.000557183928322047 33 0.00038371040136553347 35 0.003271798 0.7012000000000318
427 0.06701747328042984 35 0.06701747328042984 35 0.08684037 0.7005000000000319
428 0.043626733124256134 35 0.043626733124256134 35 0.14514783 0.699800000000032
429 0.003889123210683465 25 0.0017659527948126197 35 0.03722216 0.699100000000032
430 0.0005131641519255936 30 0.00014614658721257 35 0.008749056 0.6984000000000321
431 0.009238709695637226 35 0.009238709695637226 35 0.018486144 0.6977000000000322
432 0.0023196476977318525 35 0.0023196476977318525 35 0.009899682 0.6970000000000323
433 0.002692002337425947 32 0.00041450170101597905 35 0.020501891 0.6963000000000323
434 0.0005988257471472025 32 0.0004149950691498816 35 0.005810369 0.6956000000000324
435 0.015377920120954514 32 0.013117983005940914 35 0.11476253 0.6949000000000325
436 0.13615015149116516 34 0.11268822103738785 35 1796.8696 0.6942000000000326
437 0.0020552468486130238 34 0.0011472628684714437 35 0.014552754 0.6935000000000326
438 0.014042059890925884 35 0.014042059890925884 35 0.080515616 0.6928000000000327
439 0.004919879604130983 33 0.002561415545642376 35 0.018662483 0.6921000000000328
440 0.005738282576203346 28 0.0005277721211314201 35 0.04258121 0.6914000000000329
441 0.00015098301810212433 31 7.132668542908505e-05 35 0.0031649175 0.690700000000033
442 0.000313795666443184 24 0.00020523009879980236 35 0.0057970383 0.690000000000033
443 0.0005656821304000914 35 0.0005656821304000914 35 0.00082182704 0.6893000000000331
444 0.013889707624912262 35 0.013889707624912262 35 0.06504002 0.6886000000000332
445 0.00045019431854598224 23 8.631275704829022e-05 35 0.0023609335 0.6879000000000333
446 0.0004229450423736125 35 0.0004229450423736125 35 0.004146094 0.6872000000000333
447 0.001503162318840623 35 0.001503162318840623 35 0.0038899109 0.6865000000000334
448 0.0010771937668323517 35 0.0010771937668323517 35 0.004700782 0.6858000000000335
449 0.0001354420091956854 35 0.0001354420091956854 35 0.00070174993 0.6851000000000336
450 0.00788639672100544 27 0.0067469156347215176 35 0.08159739 0.6844000000000336
451 0.00011797490151366219 35 0.00011797490151366219 35 0.0010492844 0.6837000000000337
452 0.019919266924262047 35 0.019919266924262047 35 0.05419021 0.6830000000000338
453 0.01598735712468624 33 0.015481501817703247 35 0.12799484 0.6823000000000339
454 0.010170272551476955 35 0.010170272551476955 35 0.035162017 0.681600000000034
455 0.006409012246876955 22 0.0006696783821098506 35 0.069902 0.680900000000034
456 0.02088836580514908 35 0.02088836580514908 35 0.061937254 0.6802000000000341
457 0.0006159779150038958 25 0.0003231354057788849 35 0.01072883 0.6795000000000342
458 0.00352093786932528 28 0.0006866637850180268 35 0.035412163 0.6788000000000343
459 0.0028820491861552 35 0.0028820491861552 35 0.017914834 0.6781000000000343
460 0.01038400735706091 35 0.01038400735706091 35 0.043872006 0.6774000000000344
461 0.0085881557315588 35 0.0085881557315588 35 0.08821272 0.6767000000000345
462 0.0021012178622186184 35 0.0021012178622186184 35 0.013097844 0.6760000000000346
463 0.007203230634331703 35 0.007203230634331703 35 0.030872688 0.6753000000000347
464 0.002294361824169755 34 0.0019432288827374578 35 0.0077590384 0.6746000000000347
465 0.01918991282582283 34 0.014011187478899956 35 0.037631594 0.6739000000000348
466 0.00990575086325407 35 0.00990575086325407 35 0.045212913 0.6732000000000349
467 0.004844056908041239 25 0.002785996999591589 35 0.07090431 0.672500000000035
468 0.10032010823488235 33 0.08372035622596741 35 1312.6155 0.671800000000035
469 0.0009715395281091332 35 0.0009715395281091332 35 0.009965718 0.6711000000000351
470 0.0004711147921625525 24 0.00012514008267316967 35 0.003609984 0.6704000000000352
471 0.023479821160435677 35 0.023479821160435677 35 0.14103909 0.6697000000000353
472 0.01131440233439207 35 0.01131440233439207 35 0.02711508 0.6690000000000353
473 0.00015971939137671143 35 0.00015971939137671143 35 0.00072721305 0.6683000000000354
474 0.013569081202149391 35 0.013569081202149391 35 0.052890506 0.6676000000000355
475 0.01314348541200161 35 0.01314348541200161 35 0.032571983 0.6669000000000356
476 0.006475785747170448 35 0.006475785747170448 35 0.112278335 0.6662000000000357
477 0.00881868228316307 35 0.00881868228316307 35 0.098239146 0.6655000000000357
478 0.00020253367256373167 32 5.4717100283596665e-05 35 0.002958558 0.6648000000000358
479 0.024551669135689735 35 0.024551669135689735 35 0.1756894 0.6641000000000359
480 0.001988563220947981 33 0.0010283079463988543 35 0.01218992 0.663400000000036
481 0.005344068165868521 35 0.005344068165868521 35 0.05231173 0.662700000000036
482 0.02493561990559101 35 0.02493561990559101 35 0.18105718 0.6620000000000361
483 0.0005623014294542372 28 9.381918789586052e-05 35 0.00602766 0.6613000000000362
484 0.008904965594410896 35 0.008904965594410896 35 0.039267715 0.6606000000000363
485 0.008337480016052723 35 0.008337480016052723 35 0.026539309 0.6599000000000363
486 0.0002467420417815447 30 5.484468420036137e-05 35 0.0051361076 0.6592000000000364
487 0.06903451681137085 34 0.05593779683113098 35 897.47107 0.6585000000000365
488 0.0005714901490136981 31 0.00022643341799266636 35 0.003914959 0.6578000000000366
489 0.0056571378372609615 35 0.0056571378372609615 35 0.043011017 0.6571000000000367
490 0.00021165894577279687 29 0.00013927109830547124 35 0.0035879894 0.6564000000000367
491 0.002649366157129407 35 0.002649366157129407 35 0.017983485 0.6557000000000368
492 0.0016489216359332204 35 0.0016489216359332204 35 0.015725385 0.6550000000000369
493 0.01519613154232502 35 0.01519613154232502 35 0.08759262 0.654300000000037
494 0.026202883571386337 35 0.026202883571386337 35 0.16162843 0.653600000000037
495 0.0003827405162155628 32 0.00035460430081002414 35 0.0024458007 0.6529000000000371
496 1.637570676393807e-05 35 1.637570676393807e-05 35 0.0002522409 0.6522000000000372
497 0.00107483915053308 35 0.00107483915053308 35 0.0047714505 0.6515000000000373
498 0.00021391990594565868 25 0.0001292582310270518 35 0.003371393 0.6508000000000373
499 0.0060638426803052425 35 0.0060638426803052425 35 0.11308419 0.6501000000000374
500 0.0018955653067678213 32 0.0018392690690234303 35 0.015787901 0.6494000000000375
501 0.005752218887209892 32 0.002640122314915061 35 0.015066545 0.6487000000000376
502 0.0034728969912976027 33 0.0019247361924499273 35 0.018205723 0.6480000000000377
503 0.08409222215414047 35 0.08409222215414047 35 0.17905165 0.6473000000000377
504 0.007615632377564907 35 0.007615632377564907 35 0.059441626 0.6466000000000378
505 0.006323110777884722 35 0.006323110777884722 35 0.0068359654 0.6459000000000379
506 0.008442078717052937 34 0.008325261063873768 35 0.020327723 0.645200000000038
507 0.0032311766408383846 33 0.002241039415821433 35 0.036302567 0.644500000000038
508 0.002254639519378543 34 0.0013117622584104538 35 0.012713369 0.6438000000000381
509 0.007233380805701017 35 0.007233380805701017 35 0.053622093 0.6431000000000382
510 0.0006815910455770791 33 0.00047914200695231557 35 0.008186653 0.6424000000000383
511 0.00166650942992419 32 0.0015180140035226941 35 0.019671936 0.6417000000000384
512 0.014824791811406612 33 0.012040059082210064 35 0.09165992 0.6410000000000384
513 0.0011444835690781474 33 0.0010042805224657059 35 0.011928856 0.6403000000000385
514 0.0016529131680727005 29 0.00020834841416217387 35 0.017648965 0.6396000000000386
515 0.00018432216893415898 31 7.70578935771482e-06 35 0.0032646274 0.6389000000000387
516 0.0009446793119423091 33 0.0006118369055911899 35 0.004012301 0.6382000000000387
517 0.004862858448177576 28 0.0036896690726280212 35 0.05882572 0.6375000000000388
518 0.004806175362318754 35 0.004806175362318754 35 0.013287302 0.6368000000000389
519 0.004831230733543634 34 0.0024947314523160458 35 0.016208442 0.636100000000039
520 0.08650749921798706 33 0.06715583056211472 35 1454.3472 0.635400000000039
521 0.04701216146349907 33 0.04348207637667656 35 0.61808294 0.6347000000000391
522 0.0029478210490196943 29 0.0022471293341368437 35 0.035816792 0.6340000000000392
523 0.01012337114661932 32 0.009054791182279587 35 0.09169303 0.6333000000000393
524 0.16828219592571259 35 0.16828219592571259 35 852.4346 0.6326000000000394
525 0.0007753028767183423 20 0.0005094456719234586 35 0.015996976 0.6319000000000394
526 0.014462283812463284 34 0.01129416935145855 35 0.10090674 0.6312000000000395
527 0.00017207620840054005 24 0.0001495828473707661 35 0.00403428 0.6305000000000396
528 0.01702027954161167 30 0.015093131922185421 35 0.08944856 0.6298000000000397
529 0.0016306096222251654 35 0.0016306096222251654 35 0.014217422 0.6291000000000397
530 0.018296245485544205 26 0.007361615542322397 35 0.13780004 0.6284000000000398
531 0.0009179083281196654 35 0.0009179083281196654 35 0.010578174 0.6277000000000399
532 0.12557493150234222 28 0.10975651443004608 35 3191.889 0.62700000000004
533 0.01821860671043396 35 0.01821860671043396 35 0.16976123 0.62630000000004
534 0.0733162984251976 34 0.07230502367019653 35 997.27435 0.6256000000000401
535 0.00402698153629899 30 0.0018205215455964208 35 0.035037834 0.6249000000000402
536 0.0334114208817482 29 0.0012640407076105475 35 0.28095743 0.6242000000000403
537 0.004806580021977425 35 0.004806580021977425 35 0.021076448 0.6235000000000404
538 0.003595068585127592 33 0.0035525744315236807 35 0.016073057 0.6228000000000404
539 0.01306227594614029 35 0.01306227594614029 35 0.06656408 0.6221000000000405
540 0.0015562177868559957 21 0.0006928062066435814 35 0.016798144 0.6214000000000406
541 0.008318054489791393 35 0.008318054489791393 35 0.012308678 0.6207000000000407
542 0.034970033913850784 35 0.034970033913850784 35 0.45388815 0.6200000000000407
543 0.0009450239595025778 35 0.0009450239595025778 35 0.007945387 0.6193000000000408
544 0.017710795626044273 35 0.017710795626044273 35 0.050667897 0.6186000000000409
545 0.0014533107168972492 34 0.00027452793437987566 35 0.008408366 0.617900000000041
546 0.0006328467861749232 32 0.0001845476363087073 35 0.003634189 0.617200000000041
547 0.004846436902880669 31 0.00047164416173473 35 0.04123585 0.6165000000000411
548 0.3914737403392792 33 0.388071745634079 35 3776.5027 0.6158000000000412
549 0.000917704775929451 35 0.000917704775929451 35 0.0030665346 0.6151000000000413
550 0.016476981341838837 32 0.01546637061983347 35 0.19601041 0.6144000000000414
551 0.002554663922637701 32 0.0019264210714027286 35 0.025743471 0.6137000000000414
552 0.022745955735445023 35 0.022745955735445023 35 0.040434517 0.6130000000000415
553 0.02053874172270298 35 0.02053874172270298 35 0.24589089 0.6123000000000416
554 0.008595507591962814 26 0.006987292319536209 35 0.11982805 0.6116000000000417
555 0.0014934091595932841 32 0.0014239810407161713 35 0.014325355 0.6109000000000417
556 0.006082814186811447 26 0.001165582682006061 35 0.07302816 0.6102000000000418
557 0.0063536688685417175 26 0.003973260056227446 35 0.056304283 0.6095000000000419
558 0.0020751971751451492 29 0.0013227442977949977 35 0.025626622 0.608800000000042
559 0.004199782386422157 35 0.004199782386422157 35 0.04380504 0.608100000000042
560 0.010764584876596928 30 0.007127251010388136 35 0.116609864 0.6074000000000421
561 0.023151032626628876 35 0.023151032626628876 35 0.07223229 0.6067000000000422
562 0.05944683030247688 27 0.008781236596405506 35 0.5667688 0.6060000000000423
563 0.003893794259056449 35 0.003893794259056449 35 0.028082171 0.6053000000000424
564 0.027637554332613945 35 0.027637554332613945 35 0.026442446 0.6046000000000424
565 0.004323972854763269 33 0.002763554221019149 35 0.039056566 0.6039000000000425
566 0.0002531990467105061 22 0.00019393532420508564 35 0.003386213 0.6032000000000426
567 0.023425422608852386 35 0.023425422608852386 35 0.06183773 0.6025000000000427
568 0.01034542080014944 30 0.009272157214581966 35 0.22214724 0.6018000000000427
569 0.0008131227805279195 33 0.0006176227470859885 35 0.0034343884 0.6011000000000428
570 1.4697470760438591e-05 33 4.722811354440637e-06 35 0.00019058894 0.6004000000000429
571 0.0024227916728705168 35 0.0024227916728705168 35 0.015538013 0.599700000000043
572 0.00027617590967565775 35 0.00027617590967565775 35 0.0014783739 0.599000000000043
573 0.004329641815274954 35 0.004329641815274954 35 0.0055347835 0.5983000000000431
574 0.01716420240700245 34 0.01711384393274784 35 0.12190379 0.5976000000000432
575 0.0015033914241939783 35 0.0015033914241939783 35 0.021715019 0.5969000000000433
576 0.07269413024187088 34 0.06776420027017593 35 460.4981 0.5962000000000434
577 0.04768603667616844 35 0.04768603667616844 35 0.16236678 0.5955000000000434
578 0.0046072532422840595 31 0.003962014801800251 35 0.046010222 0.5948000000000435
579 0.037423305213451385 34 0.03552425280213356 35 0.44896805 0.5941000000000436
580 0.003602809039875865 35 0.003602809039875865 35 0.017978653 0.5934000000000437
581 0.02304338663816452 35 0.02304338663816452 35 0.10052779 0.5927000000000437
582 0.007620115298777819 35 0.007620115298777819 35 0.042535458 0.5920000000000438
583 0.004957212135195732 35 0.004957212135195732 35 0.017791547 0.5913000000000439
584 0.0016057501779869199 29 0.0013016123557463288 35 0.0046644956 0.590600000000044
585 0.00020403350936248899 31 0.00017641349404584616 35 0.0005098746 0.5899000000000441
586 0.00036737104528583586 35 0.00036737104528583586 35 0.002761248 0.5892000000000441
587 7.773006655042991e-05 35 7.773006655042991e-05 35 0.00060555874 0.5885000000000442
588 0.003636805107817054 32 0.0015353162307292223 35 0.017896403 0.5878000000000443
589 0.0006747802835889161 32 0.0004981503589078784 35 0.0038309416 0.5871000000000444
590 0.00822384748607874 31 0.007698506582528353 35 0.045478772 0.5864000000000444
591 0.00038272279198281467 35 0.00038272279198281467 35 0.0013976899 0.5857000000000445
592 0.00032373613794334233 35 0.00032373613794334233 35 0.0018800308 0.5850000000000446
593 0.004226970486342907 35 0.004226970486342907 35 0.014823662 0.5843000000000447
594 0.002093162853270769 35 0.002093162853270769 35 0.012176482 0.5836000000000447
595 0.00010227529855910689 31 7.666763849556446e-05 35 0.0006906322 0.5829000000000448
596 0.0010578345973044634 35 0.0010578345973044634 35 0.025356723 0.5822000000000449
597 0.0027186337392777205 35 0.0027186337392777205 35 0.014621894 0.581500000000045
598 0.0002970431523863226 29 0.0002375900512561202 35 0.0031824375 0.5808000000000451
599 0.009410828351974487 32 0.00843273289501667 35 0.151873 0.5801000000000451
600 0.003885412821546197 35 0.003885412821546197 35 0.005887525 0.5794000000000452
601 0.06416894495487213 35 0.06416894495487213 35 0.114312336 0.5787000000000453
602 0.00019284023437649012 33 0.00017976512026507407 35 0.0030891667 0.5780000000000454
603 0.00579527672380209 29 0.0018404689617455006 35 0.08118673 0.5773000000000454
604 0.0009092674008570611 35 0.0009092674008570611 35 0.0038905316 0.5766000000000455
605 0.0018813943024724722 35 0.0018813943024724722 35 0.00920501 0.5759000000000456
606 0.02391156740486622 35 0.02391156740486622 35 0.2059967 0.5752000000000457
607 0.020989544689655304 35 0.020989544689655304 35 0.10846577 0.5745000000000458
608 0.009990788996219635 32 0.005889061372727156 35 0.06563179 0.5738000000000458
609 0.00011968918261118233 35 0.00011968918261118233 35 0.001672037 0.5731000000000459
610 0.0026208898052573204 35 0.0026208898052573204 35 0.0124766035 0.572400000000046
611 0.0010876917513087392 28 0.00015610072296112776 35 0.0070842714 0.5717000000000461
612 0.001941847731359303 30 0.0013066125102341175 35 0.022445967 0.5710000000000461
613 0.0035839576739817858 24 0.0002928447793237865 35 0.034163814 0.5703000000000462
614 0.003369319951161742 33 0.002962282160297036 35 0.021448595 0.5696000000000463
615 0.003320494433864951 31 0.0032216710969805717 35 0.027466966 0.5689000000000464
616 0.006280872039496899 28 0.0024133343249559402 35 0.06768242 0.5682000000000464
617 0.004041572567075491 32 0.0005604283651337028 35 0.018300511 0.5675000000000465
618 0.008454383350908756 35 0.008454383350908756 35 0.010493736 0.5668000000000466
619 0.002919731894508004 30 0.0013382249744608998 35 0.02462009 0.5661000000000467
620 0.029479876160621643 35 0.029479876160621643 35 0.23106118 0.5654000000000468
621 0.027685007080435753 35 0.027685007080435753 35 0.07401268 0.5647000000000468
622 0.0008409267175011337 27 0.00023612324730493128 35 0.013699871 0.5640000000000469
623 0.009733574464917183 34 0.009022919461131096 35 0.08647032 0.563300000000047
624 0.03501128777861595 35 0.03501128777861595 35 0.5972264 0.5626000000000471
625 0.010617814026772976 28 0.007257587276399136 35 0.19696614 0.5619000000000471
626 0.001215228345245123 35 0.001215228345245123 35 0.009523647 0.5612000000000472
627 0.0028461057227104902 32 0.001786586595699191 35 0.034542352 0.5605000000000473
628 0.0022275797091424465 35 0.0022275797091424465 35 0.016221404 0.5598000000000474
629 0.01265429425984621 34 0.00802507996559143 35 0.01800009 0.5591000000000474
630 0.04654169827699661 34 0.03921147435903549 35 0.2021508 0.5584000000000475
631 0.0023880971129983664 27 0.0018248044652864337 35 0.016111929 0.5577000000000476
632 0.01257865596562624 35 0.01257865596562624 35 0.03294752 0.5570000000000477
633 0.03818678855895996 35 0.03818678855895996 35 0.23487927 0.5563000000000478
634 0.0004950827569700778 35 0.0004950827569700778 35 0.0015151307 0.5556000000000478
635 0.0051297820173203945 35 0.0051297820173203945 35 0.010499543 0.5549000000000479
636 0.0013326415792107582 31 0.0010503582889214158 35 0.011415145 0.554200000000048
637 0.0006119428435340524 35 0.0006119428435340524 35 0.0058623897 0.5535000000000481
638 0.0007339152507483959 33 0.0005118834087625146 35 0.0064686304 0.5528000000000481
639 0.002622429747134447 34 0.0023225939366966486 35 0.004851808 0.5521000000000482
640 0.07107561081647873 35 0.07107561081647873 35 415.32523 0.5514000000000483
641 0.0009143384522758424 35 0.0009143384522758424 35 0.0020013386 0.5507000000000484
642 0.0020592077635228634 31 0.0018790552858263254 35 0.018915147 0.5500000000000485
643 0.012569689191877842 27 0.0007401682669296861 35 0.10414641 0.5493000000000485
644 0.00585358077660203 34 0.003381666261702776 35 0.009546762 0.5486000000000486
645 0.013768848031759262 27 0.009992998093366623 35 0.18085375 0.5479000000000487
646 0.006787116639316082 35 0.006787116639316082 35 0.027169375 0.5472000000000488
647 0.011888436041772366 35 0.011888436041772366 35 0.02991518 0.5465000000000488
648 0.03266741335391998 35 0.03266741335391998 35 0.15005407 0.5458000000000489
649 0.006832510698586702 35 0.006832510698586702 35 0.03450833 0.545100000000049
650 0.0008280508336611092 35 0.0008280508336611092 35 0.0032881722 0.5444000000000491
651 0.030234023928642273 35 0.030234023928642273 35 0.20159936 0.5437000000000491
652 0.005169394891709089 35 0.005169394891709089 35 0.0337393 0.5430000000000492
653 0.012759730219841003 35 0.012759730219841003 35 0.08866111 0.5423000000000493
654 0.008342199958860874 30 0.00720928143709898 35 0.08600942 0.5416000000000494
655 0.0008982999715954065 32 0.0003546231600921601 35 0.0055609797 0.5409000000000495
656 0.01068750862032175 35 0.01068750862032175 35 0.071032345 0.5402000000000495
657 0.03223652020096779 35 0.03223652020096779 35 0.26350328 0.5395000000000496
658 0.0008414104231633246 19 0.00017446283891331404 35 0.0061009736 0.5388000000000497
659 0.0017197005217894912 25 0.0016092632431536913 35 0.014348898 0.5381000000000498
660 0.09319119900465012 32 0.07160469889640808 35 1409.5807 0.5374000000000498
661 0.02542172558605671 35 0.02542172558605671 35 0.104813114 0.5367000000000499
662 0.00876746978610754 35 0.00876746978610754 35 0.058193676 0.53600000000005
663 0.027918528765439987 34 0.02732481248676777 35 0.106023625 0.5353000000000501
664 0.020427992567420006 35 0.020427992567420006 35 0.19755618 0.5346000000000501
665 0.033762551844120026 33 0.033563319593667984 35 0.13961087 0.5339000000000502
666 0.011322335340082645 32 0.005778927356004715 35 0.05051784 0.5332000000000503
667 0.01166232954710722 33 0.003898829221725464 35 0.035612103 0.5325000000000504
668 0.10818126052618027 33 0.1000787541270256 35 1312.9111 0.5318000000000505
669 0.0021783909760415554 35 0.0021783909760415554 35 0.00651817 0.5311000000000505
670 0.0013932386646047235 33 0.001372544327750802 35 0.027984057 0.5304000000000506
671 0.0003695176856126636 34 0.0003215153410565108 35 0.0033217133 0.5297000000000507
672 0.0017154618399217725 35 0.0017154618399217725 35 0.007322022 0.5290000000000508
673 0.000841328059323132 35 0.000841328059323132 35 0.0023654515 0.5283000000000508
674 0.0013922684593126178 33 0.0013832136755809188 35 0.018458985 0.5276000000000509
675 0.00472561689093709 35 0.00472561689093709 35 0.004196318 0.526900000000051
676 0.007490815129131079 35 0.007490815129131079 35 0.0418004 0.5262000000000511
677 0.00805940292775631 35 0.00805940292775631 35 0.02447071 0.5255000000000511
678 0.004061020910739899 34 0.0027581588365137577 35 0.01898498 0.5248000000000512
679 0.0009489189251326025 25 0.0006173542351461947 35 0.015220933 0.5241000000000513
680 0.04051610082387924 34 0.026450265198946 35 0.15347938 0.5234000000000514
681 0.009302755817770958 35 0.009302755817770958 35 0.047657337 0.5227000000000515
682 0.000807102769613266 35 0.000807102769613266 35 0.0019856782 0.5220000000000515
683 0.0002015039062825963 35 0.0002015039062825963 35 0.0010457283 0.5213000000000516
684 0.0005941814160905778 35 0.0005941814160905778 35 0.0021960866 0.5206000000000517
685 0.0001213352006743662 35 0.0001213352006743662 35 0.00058003084 0.5199000000000518
686 0.004564229864627123 30 0.001113597652874887 35 0.014012193 0.5192000000000518
687 0.01999964937567711 34 0.019788367673754692 35 0.10097212 0.5185000000000519
688 0.010679815895855427 31 0.010381467640399933 35 0.15474178 0.517800000000052
689 0.00032212023506872356 26 0.00017257625586353242 35 0.0039238473 0.5171000000000521
690 0.008091338910162449 23 0.007506555411964655 35 0.11995095 0.5164000000000522
691 0.018855493515729904 35 0.018855493515729904 35 0.077177316 0.5157000000000522
692 0.02498570829629898 35 0.02498570829629898 35 0.08221336 0.5150000000000523
693 8.933994104154408e-05 34 8.834513573674485e-05 35 0.0013636475 0.5143000000000524
694 0.0001983120891964063 35 0.0001983120891964063 35 0.0020878047 0.5136000000000525
695 0.00564857292920351 31 0.0017940232064574957 35 0.013374391 0.5129000000000525
696 0.028402108699083328 35 0.028402108699083328 35 0.0145862885 0.5122000000000526
697 0.0011418709764257073 34 0.0011053245980292559 35 0.013028457 0.5115000000000527
698 0.0010953685268759727 35 0.0010953685268759727 35 0.0069571063 0.5108000000000528
699 0.0002323971566511318 33 8.603333844803274e-05 35 0.00089832355 0.5101000000000528
700 0.0008781500509940088 35 0.0008781500509940088 35 0.0037352608 0.5094000000000529
701 0.0793493241071701 33 0.0775272399187088 35 2993.0168 0.508700000000053
702 0.00020247763313818723 34 0.00015787901065777987 35 0.0013414484 0.5080000000000531
703 0.0010203260462731123 33 0.0005250411340966821 35 0.0026865124 0.5073000000000532
704 0.0053253378719091415 27 0.00383647158741951 35 0.03257554 0.5066000000000532
705 0.00013490622222889215 34 0.00013489589036908 35 0.0015846712 0.5059000000000533
706 0.0010927713010460138 35 0.0010927713010460138 35 0.0053545875 0.5052000000000534
707 0.00037584672099910676 30 0.00014497929078061134 35 0.004865344 0.5045000000000535
708 0.0007049761479720473 35 0.0007049761479720473 35 0.0028516615 0.5038000000000535
709 0.005737543571740389 29 0.0007194684585556388 35 0.008871254 0.5031000000000536
710 0.007622082717716694 34 0.006804578471928835 35 0.042036273 0.5024000000000537
711 0.0035346578806638718 35 0.0035346578806638718 35 0.050182387 0.5017000000000538
712 0.001414644531905651 33 0.0014069494791328907 35 0.011834312 0.5010000000000538
713 0.0023726550862193108 17 0.0021771243773400784 35 0.01845203 0.5003000000000539
714 0.006922821048647165 35 0.006922821048647165 35 0.098812304 0.499600000000054
715 0.02446005679666996 31 0.01455788966268301 35 0.37825918 0.4989000000000541
716 0.00032960495445877314 26 2.762705844361335e-05 35 0.0050434484 0.49820000000005416
717 0.14340586960315704 32 0.1339324712753296 35 1946.2715 0.49750000000005423
718 0.027226092293858528 28 0.019696848466992378 35 0.28456083 0.4968000000000543
719 0.12105065584182739 29 0.04505586996674538 35 1785.5322 0.4961000000000544
720 0.001518602017313242 35 0.001518602017313242 35 0.0048633153 0.49540000000005446
721 0.02564399130642414 30 0.01359280664473772 35 0.2744006 0.49470000000005454
722 0.0010355717968195677 35 0.0010355717968195677 35 0.01664987 0.4940000000000546
723 0.06495457142591476 35 0.06495457142591476 35 0.16299929 0.4933000000000547
724 0.01889699697494507 30 0.007491237949579954 35 0.28313506 0.49260000000005477
725 0.010540128685534 32 0.008372826501727104 35 0.09239366 0.49190000000005485
726 0.11316050589084625 33 0.09643081575632095 35 2832.019 0.4912000000000549
727 0.0008695900323800743 33 0.0007114638574421406 35 0.0040276283 0.490500000000055
728 0.06048984453082085 26 0.03528008237481117 35 510.31012 0.4898000000000551
729 0.024485573172569275 35 0.024485573172569275 35 0.16707148 0.48910000000005516
730 0.0030098722781986 35 0.0030098722781986 35 0.019252922 0.48840000000005523
731 0.023332759737968445 35 0.023332759737968445 35 0.11372203 0.4877000000000553
732 0.01214949693530798 35 0.01214949693530798 35 0.14245313 0.4870000000000554
733 0.0018551653483882546 30 0.000691514927893877 35 0.020329067 0.48630000000005547
734 0.005323600023984909 27 0.0019468286773189902 35 0.072961695 0.48560000000005554
735 0.008144985884428024 33 0.007783262524753809 35 0.0412006 0.4849000000000556
736 0.002164312871173024 30 6.77486605127342e-05 35 0.01656561 0.4842000000000557
737 0.0006276798667386174 35 0.0006276798667386174 35 0.002267791 0.4835000000000558
738 0.019571030512452126 35 0.019571030512452126 35 0.034837887 0.48280000000005585
739 0.0005154702812433243 33 0.0005014907801523805 35 0.005271257 0.48210000000005593
740 0.002244658302515745 33 0.0016545526450499892 35 0.022885505 0.481400000000056
741 0.02992314100265503 34 0.029279842972755432 35 0.27743396 0.4807000000000561
742 0.4258213937282562 35 0.4258213937282562 35 484.84732 0.48000000000005616
743 0.1870947629213333 33 0.102143295109272 35 0.41073582 0.47930000000005624
744 0.0052161202766001225 33 0.0008748231921344995 35 0.058118593 0.4786000000000563
745 0.062152065336704254 33 0.027235718443989754 35 626.1557 0.4779000000000564
746 0.054722294211387634 31 0.04579247161746025 35 537.0416 0.47720000000005647
747 0.04793359339237213 35 0.04793359339237213 35 0.23952985 0.47650000000005654
748 0.03430742397904396 23 0.018191175535321236 35 0.5920308 0.4758000000000566
749 0.025576740503311157 35 0.025576740503311157 35 0.28239682 0.4751000000000567
750 0.0043777115643024445 31 0.003260538214817643 35 0.04185089 0.4744000000000568
751 0.0019379190634936094 35 0.0019379190634936094 35 0.012917892 0.47370000000005685
752 0.03744596615433693 30 0.0017712824046611786 35 0.32227236 0.47300000000005693
753 0.007350068539381027 30 0.005951990839093924 35 0.07794462 0.472300000000057
754 0.004633709322661161 35 0.004633709322661161 35 0.01941979 0.4716000000000571
755 0.022098753601312637 35 0.022098753601312637 35 0.15010375 0.47090000000005716
756 0.013545390218496323 35 0.013545390218496323 35 0.022020593 0.47020000000005724
757 0.0052292742766439915 26 0.003419824643060565 35 0.088078834 0.4695000000000573
758 0.06220383197069168 33 0.04717491194605827 35 437.61496 0.4688000000000574
759 0.02767648920416832 35 0.02767648920416832 35 0.4843886 0.46810000000005747
760 0.06741371005773544 35 0.06741371005773544 35 0.17457345 0.46740000000005755
761 0.11438348889350891 35 0.11438348889350891 35 3056.7122 0.4667000000000576
762 0.026658296585083008 35 0.026658296585083008 35 0.2532385 0.4660000000000577
763 0.006345849949866533 22 0.00534716947004199 35 0.07386128 0.4653000000000578
764 0.005510091781616211 35 0.005510091781616211 35 0.011822306 0.46460000000005786
765 0.002385880332440138 29 0.00042341049993410707 35 0.01638612 0.46390000000005793
766 0.0003429967910051346 35 0.0003429967910051346 35 0.002260981 0.463200000000058
767 0.02363636903464794 35 0.02363636903464794 35 0.11615419 0.4625000000000581
768 0.0012687727576121688 24 3.6386434658197686e-05 35 0.012591173 0.46180000000005816
769 0.01657976768910885 35 0.01657976768910885 35 0.105998985 0.46110000000005824
770 0.03700890392065048 35 0.03700890392065048 35 0.14333649 0.4604000000000583
771 0.051482707262039185 35 0.051482707262039185 35 0.5728253 0.4597000000000584
772 0.018874935805797577 32 0.01211780495941639 35 0.093869016 0.4590000000000585
773 0.010860576294362545 35 0.010860576294362545 35 0.1054004 0.45830000000005855
774 0.002777193672955036 33 0.0006241021328605711 35 0.021372445 0.4576000000000586
775 0.0025211600586771965 28 0.0017174342647194862 35 0.021380395 0.4569000000000587
776 0.009278696961700916 34 0.008916120044887066 35 0.046568815 0.4562000000000588
777 0.0005198623985052109 34 0.0004975870251655579 35 0.0019017227 0.45550000000005886
778 0.06298543512821198 35 0.06298543512821198 35 437.38733 0.45480000000005893
779 0.0042647020891308784 35 0.0042647020891308784 35 0.0047444813 0.454100000000059
780 0.007493732031434774 31 0.002714422531425953 35 0.06638539 0.4534000000000591
781 0.001686908770352602 28 0.0006366416346281767 35 0.008186002 0.45270000000005917
782 0.008750729262828827 30 0.008415034040808678 35 0.122601144 0.45200000000005924
783 0.01857784204185009 35 0.01857784204185009 35 0.035102863 0.4513000000000593
784 0.041230201721191406 35 0.041230201721191406 35 0.41397452 0.4506000000000594
785 0.0024430020712316036 35 0.0024430020712316036 35 0.012878088 0.4499000000000595
786 0.027887694537639618 34 0.01835262030363083 35 0.1766041 0.44920000000005955
787 0.00035427731927484274 35 0.00035427731927484274 35 0.00070199923 0.44850000000005963
788 0.08442405611276627 35 0.08442405611276627 35 1102.0182 0.4478000000000597
789 0.0004576903011184186 33 0.00030691930442117155 35 0.002715271 0.4471000000000598
790 0.0025837712455540895 32 0.0002939906844403595 35 0.026860762 0.44640000000005986
791 0.014187806285917759 35 0.014187806285917759 35 0.024815993 0.44570000000005994
792 0.01767883449792862 34 0.016946198418736458 35 0.11190868 0.44500000000006
793 0.014929842203855515 35 0.014929842203855515 35 0.02690439 0.4443000000000601
794 0.004626479931175709 35 0.004626479931175709 35 0.024463989 0.44360000000006017
795 0.03467227891087532 31 0.010518940165638924 35 0.32332453 0.44290000000006025
796 0.012096616439521313 28 0.0006904713809490204 35 0.16173778 0.4422000000000603
797 0.001001066411845386 31 0.0006011233199387789 35 0.012121483 0.4415000000000604
798 0.01925431564450264 35 0.01925431564450264 35 0.04522834 0.4408000000000605
799 0.013766312040388584 35 0.013766312040388584 35 0.023794562 0.44010000000006055
800 0.0021254136227071285 35 0.0021254136227071285 35 0.008655009 0.43940000000006063
801 0.0018477527191862464 29 0.0012092997785657644 35 0.028032856 0.4387000000000607
802 0.04202042147517204 34 0.028933005407452583 35 0.2617299 0.4380000000000608
803 0.0031387258786708117 33 0.0020423487294465303 35 0.028213026 0.43730000000006086
804 0.0005290133412927389 35 0.0005290133412927389 35 0.0062820036 0.43660000000006094
805 0.015076803974807262 23 0.003990102559328079 35 0.18119204 0.435900000000061
806 0.005095974076539278 31 0.0007081417134031653 35 0.058483843 0.4352000000000611
807 0.003971410915255547 33 0.0035307263024151325 35 0.03343352 0.43450000000006117
808 0.0005070145707577467 34 0.00043119804468005896 35 0.0068068486 0.43380000000006125
809 0.001114826649427414 34 0.0010771225206553936 35 0.017699542 0.4331000000000613
810 0.0009566432563588023 29 0.0003056174027733505 35 0.013283176 0.4324000000000614
811 0.0006764864665456116 33 0.0005568169290199876 35 0.0068756407 0.4317000000000615
812 0.0046843793243169785 32 0.004575727041810751 35 0.02845858 0.43100000000006156
813 0.0018828226020559669 35 0.0018828226020559669 35 0.01694394 0.43030000000006163
814 0.006308197975158691 35 0.006308197975158691 35 0.017043145 0.4296000000000617
815 0.004529445897787809 35 0.004529445897787809 35 0.01001795 0.4289000000000618
816 0.005738514941185713 29 0.00257636490277946 35 0.04319116 0.42820000000006186
817 0.00026435498148202896 35 0.00026435498148202896 35 0.0016487174 0.42750000000006194
818 0.013953838497400284 35 0.013953838497400284 35 0.060415093 0.426800000000062
819 0.0008615603437647223 35 0.0008615603437647223 35 0.0015018593 0.4261000000000621
820 0.00258531142026186 35 0.00258531142026186 35 0.010348142 0.4254000000000622
821 0.001819438999518752 25 0.000311558396788314 35 0.013837162 0.42470000000006225
822 0.001400164794176817 33 0.0007599300006404519 35 0.005339086 0.4240000000000623
823 0.011136258020997047 35 0.011136258020997047 35 0.053954363 0.4233000000000624
824 0.017692282795906067 35 0.017692282795906067 35 0.05848795 0.4226000000000625
825 0.003515611868351698 33 0.0026584542356431484 35 0.017128047 0.42190000000006256
826 0.013804823160171509 35 0.013804823160171509 35 0.051399074 0.42120000000006264
827 0.010054713115096092 33 0.009127926081418991 35 0.10786676 0.4205000000000627
828 0.0016224971041083336 35 0.0016224971041083336 35 0.01802309 0.4198000000000628
829 0.0031499166507273912 35 0.0031499166507273912 35 0.036534246 0.41910000000006287
830 0.028176534920930862 31 0.01026741974055767 35 0.0833047 0.41840000000006294
831 0.05906498059630394 35 0.05906498059630394 35 0.33091372 0.417700000000063
832 0.00023618893465027213 35 0.00023618893465027213 35 0.00066562154 0.4170000000000631
833 0.008641153573989868 31 0.002836541971191764 35 0.0582627 0.4163000000000632
834 0.0014613940147683024 35 0.0014613940147683024 35 0.007524637 0.41560000000006325
835 0.0024212468415498734 35 0.0024212468415498734 35 0.016300451 0.41490000000006333
836 0.0077453553676605225 28 0.0034114134032279253 35 0.04587068 0.4142000000000634
837 0.0026447155978530645 34 0.0011484593851491809 35 0.009421645 0.4135000000000635
838 0.004068648908287287 35 0.004068648908287287 35 0.020972872 0.41280000000006356
839 0.02480025216937065 35 0.02480025216937065 35 0.01125247 0.41210000000006364
840 0.0002836751227732748 29 0.00010255473898723722 35 0.00454954 0.4114000000000637
841 0.0008506298181600869 35 0.0008506298181600869 35 0.0025560572 0.4107000000000638
842 0.0003324806457385421 35 0.0003324806457385421 35 0.002138874 0.41000000000006387
843 0.004574105143547058 35 0.004574105143547058 35 0.0016874338 0.40930000000006395
844 0.00033160700695589185 35 0.00033160700695589185 35 0.0018793349 0.408600000000064
845 5.643842450808734e-05 35 5.643842450808734e-05 35 0.0004592156 0.4079000000000641
846 0.0017256434075534344 35 0.0017256434075534344 35 0.016447468 0.4072000000000642
847 0.0012506153434515 28 0.0006121386541053653 35 0.009961436 0.40650000000006425
848 2.28715634875698e-05 35 2.28715634875698e-05 35 8.6358974e-05 0.40580000000006433
849 0.0005528455949388444 32 0.00025291272322647274 35 0.0050082095 0.4051000000000644
850 0.0003807140456046909 31 0.00013283816224429756 35 0.0029758702 0.4044000000000645
851 0.00014773190196137875 35 0.00014773190196137875 35 0.00039396167 0.40370000000006456
852 8.529083424946293e-05 31 7.698631816310808e-05 35 0.0010562901 0.40300000000006464
853 0.0012259945506229997 34 0.0010828509693965316 35 0.00678231 0.4023000000000647
854 0.013283968903124332 35 0.013283968903124332 35 0.1683742 0.4016000000000648
855 0.0008638840517960489 32 0.0005622177850455046 35 0.011729408 0.40090000000006487
856 0.0005238629528321326 35 0.0005238629528321326 35 0.014694096 0.40020000000006495
857 0.00010390427632955834 35 0.00010390427632955834 35 0.000991929 0.399500000000065
858 0.0010545800905674696 24 0.0004379472229629755 35 0.018305108 0.3988000000000651
859 0.002298548584803939 35 0.002298548584803939 35 0.017965311 0.3981000000000652
860 0.006758529227226973 35 0.006758529227226973 35 0.03983762 0.39740000000006526
861 0.0009070831001736224 26 5.3532523452304304e-05 35 0.008032769 0.39670000000006533
862 0.024846479296684265 35 0.024846479296684265 35 0.08100972 0.3960000000000654
863 7.303724123630673e-05 32 5.8344237913843244e-05 35 0.00041587642 0.3953000000000655
864 0.0004992533940821886 35 0.0004992533940821886 35 0.005602559 0.39460000000006556
865 0.010368063114583492 35 0.010368063114583492 35 0.084963515 0.39390000000006564
866 0.06621290743350983 31 0.060592446476221085 35 1389.3127 0.3932000000000657
867 0.0005863701808266342 35 0.0005863701808266342 35 0.0066035776 0.3925000000000658
868 0.012016933411359787 31 0.011558093130588531 35 0.11399414 0.3918000000000659
869 0.007033342961221933 31 0.002989472122862935 35 0.040989526 0.39110000000006595
870 0.06463731825351715 32 0.03545338287949562 35 0.15259175 0.390400000000066
871 0.005196363665163517 35 0.005196363665163517 35 0.029719558 0.3897000000000661
872 0.02699965424835682 35 0.02699965424835682 35 0.116297424 0.3890000000000662
873 0.0009610790875740349 29 0.0003860251745209098 35 0.0073536555 0.38830000000006626
874 0.0008471569744870067 35 0.0008471569744870067 35 0.0109182885 0.38760000000006634
875 0.0013902122154831886 35 0.0013902122154831886 35 0.005164804 0.3869000000000664
876 0.0017832001904025674 29 0.0008004007977433503 35 0.0024114102 0.3862000000000665
877 0.05818447098135948 33 0.021127523854374886 35 0.618459 0.38550000000006657
878 0.005719168111681938 32 0.005707750096917152 35 0.029469166 0.38480000000006664
879 0.002580347703769803 35 0.002580347703769803 35 0.010265916 0.3841000000000667
880 0.01890188455581665 35 0.01890188455581665 35 0.027212325 0.3834000000000668
881 0.05040917545557022 32 0.03309212997555733 35 0.59077036 0.3827000000000669
882 0.007654943037778139 25 0.00015031774819362909 35 0.14031595 0.38200000000006695
883 0.0007737288251519203 35 0.0007737288251519203 35 0.0010892672 0.38130000000006703
884 0.0024185623042285442 28 0.002211150713264942 35 0.020368062 0.3806000000000671
885 0.002113491063937545 35 0.002113491063937545 35 0.020209227 0.3799000000000672
886 0.00026376073947176337 34 0.00024218858743552119 35 0.004785123 0.37920000000006726
887 0.00040862892637960613 35 0.00040862892637960613 35 0.003687879 0.37850000000006734
888 0.0031498863827437162 35 0.0031498863827437162 35 0.010960316 0.3778000000000674
889 0.0001057457848219201 19 3.1246881917468272e-06 35 0.0015716339 0.3771000000000675
890 0.0014331653947010636 30 0.0011042609112337232 35 0.017393267 0.37640000000006757
891 0.0005362627562135458 35 0.0005362627562135458 35 0.0020750416 0.37570000000006765
892 0.0017537832027301192 28 0.0010322676971554756 35 0.02238159 0.3750000000000677
893 0.0033640225883573294 34 0.0033387313596904278 35 0.05342147 0.3743000000000678
894 0.0038344240747392178 35 0.0038344240747392178 35 0.025110396 0.3736000000000679
895 0.008358895778656006 35 0.008358895778656006 35 0.104569614 0.37290000000006795
896 0.033472124487161636 33 0.02135169692337513 35 0.16639839 0.37220000000006803
897 0.05156611278653145 35 0.05156611278653145 35 415.36197 0.3715000000000681
898 0.0006334661156870425 35 0.0006334661156870425 35 0.0013241115 0.3708000000000682
899 0.0020701251924037933 35 0.0020701251924037933 35 0.011715082 0.37010000000006826
900 0.00029595347587019205 35 0.00029595347587019205 35 0.0015582262 0.36940000000006834
901 0.002232482424005866 31 0.002167641883715987 35 0.022340704 0.3687000000000684
902 0.0007835018332116306 35 0.0007835018332116306 35 0.0015946046 0.3680000000000685
903 0.007114776410162449 34 0.006712679285556078 35 0.07267616 0.36730000000006857
904 0.008283239789307117 34 0.004419009666889906 35 0.023833707 0.36660000000006865
905 0.007516077719628811 27 0.0025977666955441236 35 0.08574545 0.3659000000000687
906 0.013453049585223198 31 0.009494315832853317 35 0.15369222 0.3652000000000688
907 0.0017253218684345484 35 0.0017253218684345484 35 0.006881794 0.3645000000000689
908 0.003775088582187891 34 0.0031012038234621286 35 0.026831537 0.36380000000006896
909 0.02736443467438221 35 0.02736443467438221 35 0.078112125 0.36310000000006903
910 0.004576754290610552 25 0.002440317766740918 35 0.050998338 0.3624000000000691
911 0.00845422875136137 35 0.00845422875136137 35 0.08452014 0.3617000000000692
912 0.010006317868828773 35 0.010006317868828773 35 0.037363533 0.36100000000006927
913 0.0004767809878103435 35 0.0004767809878103435 35 0.0021490818 0.36030000000006934
914 0.0005264836363494396 34 0.000505540519952774 35 0.002344903 0.3596000000000694
915 0.0012638847110792994 32 0.0005213035619817674 35 0.01057583 0.3589000000000695
916 0.0007085404940880835 35 0.0007085404940880835 35 0.0048075654 0.3582000000000696
917 0.010786455124616623 34 0.010405742563307285 35 0.09270091 0.35750000000006965
918 0.0010844317730516195 21 0.0008295411826111376 35 0.010090353 0.35680000000006973
919 0.01016351580619812 33 0.009345403872430325 35 0.16992421 0.3561000000000698
920 0.003571409499272704 31 0.002045160625129938 35 0.026877878 0.3554000000000699
921 0.0001343260519206524 35 0.0001343260519206524 35 0.00052688154 0.35470000000006996
922 6.618758925469592e-05 23 2.7831121769850142e-05 35 0.0003560608 0.35400000000007004
923 0.005909118801355362 35 0.005909118801355362 35 0.03492749 0.3533000000000701
924 0.28711041808128357 30 0.22280634939670563 35 3105.6213 0.3526000000000702
925 0.04994283244013786 35 0.04994283244013786 35 0.2723563 0.35190000000007027
926 0.0536794476211071 35 0.0536794476211071 35 0.086208194 0.35120000000007034
927 0.0013722777366638184 30 1.604024146217853e-05 35 0.015004439 0.3505000000000704
928 0.0005155201652087271 35 0.0005155201652087271 35 0.002844583 0.3498000000000705
929 0.01177181862294674 26 0.011238865554332733 35 0.05858046 0.3491000000000706
930 0.004300673026591539 28 0.0008416360360570252 35 0.033325993 0.34840000000007065
931 0.014181788079440594 25 0.0030055565293878317 35 0.14602388 0.34770000000007073
932 0.005150016397237778 31 0.0034471580293029547 35 0.059117366 0.3470000000000708
933 0.02058763988316059 32 0.015953876078128815 35 0.10526074 0.3463000000000709
934 0.00997419748455286 28 0.0022618381772190332 35 0.13066134 0.34560000000007096
935 0.0024200885090976954 33 0.002309382427483797 35 0.025536671 0.34490000000007104
936 0.040531955659389496 30 0.027572311460971832 35 0.42783388 0.3442000000000711
937 0.00404218677431345 28 9.053415124071762e-05 35 0.01937421 0.3435000000000712
938 0.01616760529577732 31 0.015652131289243698 35 0.084028944 0.34280000000007127
939 0.0022544788662344217 35 0.0022544788662344217 35 0.008758249 0.34210000000007135
940 0.024988077580928802 29 0.019559578970074654 35 0.4154853 0.3414000000000714
941 0.0028885595966130495 35 0.0028885595966130495 35 0.0076544555 0.3407000000000715
942 0.0030192278791218996 35 0.0030192278791218996 35 0.013198952 0.3400000000000716
943 0.009961282834410667 33 0.00960170105099678 35 0.10131261 0.33930000000007166
944 0.01591743528842926 35 0.01591743528842926 35 0.02761457 0.33860000000007173
945 0.005557885393500328 33 0.00028900973848067224 35 0.03442479 0.3379000000000718
946 0.0002157128183171153 34 0.00019267368770670146 35 0.0011142739 0.3372000000000719
947 0.015999384224414825 25 0.001034184591844678 35 0.18599547 0.33650000000007196
948 0.0004720854922197759 35 0.0004720854922197759 35 0.0022547944 0.33580000000007204
949 0.007489402778446674 28 0.003675584215670824 35 0.039423212 0.3351000000000721
950 0.002842449117451906 25 0.002117292257025838 35 0.029678408 0.3344000000000722
951 0.01880110427737236 31 0.0070040118880569935 35 0.09035828 0.33370000000007227
952 0.00047462331713177264 24 0.000361149781383574 35 0.004182531 0.33300000000007235
953 0.00023819069610908628 34 0.00019785169570241123 35 0.0021696845 0.3323000000000724
954 0.00020191031217109412 31 7.802028267178684e-05 35 0.0012987942 0.3316000000000725
955 0.010950285010039806 35 0.010950285010039806 35 0.032237045 0.3309000000000726
956 0.1601349115371704 35 0.1601349115371704 35 852.418 0.33020000000007266
957 0.06443392485380173 32 0.059251561760902405 35 897.3152 0.32950000000007273
958 0.0016672279452905059 32 0.00026610816712491214 35 0.02264246 0.3288000000000728
959 0.006473198067396879 34 0.0060010673478245735 35 0.05911994 0.3281000000000729
960 0.0009751114994287491 35 0.0009751114994287491 35 0.0027086672 0.32740000000007297
961 0.15496651828289032 35 0.15496651828289032 35 1312.6062 0.32670000000007304
962 0.006983113009482622 34 0.006469858810305595 35 0.04355917 0.3260000000000731
963 0.021502628922462463 35 0.021502628922462463 35 0.04257782 0.3253000000000732
964 4.17198971263133e-05 24 2.293479337822646e-05 35 0.00034969184 0.3246000000000733
965 0.006243131123483181 33 0.00599413737654686 35 0.054461524 0.32390000000007335
966 0.00283979088999331 35 0.00283979088999331 35 0.028041704 0.32320000000007343
967 0.0005918953102082014 26 0.0002104561572195962 35 0.0063892375 0.3225000000000735
968 0.009597253054380417 34 0.009418338537216187 35 0.030013707 0.3218000000000736
969 0.2063097506761551 35 0.2063097506761551 35 899.7287 0.32110000000007366
970 0.021619616076350212 33 0.020876193419098854 35 0.12030013 0.32040000000007374
971 0.010108614340424538 31 0.007713061757385731 35 0.119173996 0.3197000000000738
972 0.00014551557251252234 35 0.00014551557251252234 35 0.00062703405 0.3190000000000739
973 0.04431646689772606 35 0.04431646689772606 35 0.65324056 0.31830000000007397
974 0.03565647825598717 35 0.03565647825598717 35 0.29972827 0.31760000000007405
975 0.00877303909510374 32 0.007370932027697563 35 0.06436006 0.3169000000000741
976 0.02661011926829815 35 0.02661011926829815 35 0.27531087 0.3162000000000742
977 0.0014694005949422717 31 0.0013611033791676164 35 0.022725847 0.3155000000000743
978 0.0071027553640306 35 0.0071027553640306 35 0.12991899 0.31480000000007435
979 0.002243908355012536 35 0.002243908355012536 35 0.0030800423 0.31410000000007443
980 0.037828944623470306 35 0.037828944623470306 35 0.15864448 0.3134000000000745
981 0.025477750226855278 35 0.025477750226855278 35 0.16201894 0.3127000000000746
982 0.0009668791899457574 34 0.00088629184756428 35 0.006072807 0.31200000000007466
983 0.001152399112470448 16 0.0004913547309115529 35 0.017664451 0.31130000000007474
984 0.03224622458219528 35 0.03224622458219528 35 0.2863686 0.3106000000000748
985 0.0406072773039341 24 0.023236757144331932 35 1.109532 0.3099000000000749
986 0.024280890822410583 33 0.023312799632549286 35 0.12555212 0.30920000000007497
987 0.005879000760614872 34 0.004820568487048149 35 0.020411003 0.30850000000007505
988 0.02072151191532612 20 0.0107790632173419 35 0.41953653 0.3078000000000751
989 0.023183440789580345 35 0.023183440789580345 35 0.12066116 0.3071000000000752
990 0.026658281683921814 28 0.010119607672095299 35 0.16400252 0.3064000000000753
991 0.0013329357607290149 31 0.000357690587406978 35 0.004135707 0.30570000000007536
992 1.561002864036709e-05 35 1.561002864036709e-05 35 6.865297e-05 0.30500000000007543
993 0.00704198656603694 35 0.00704198656603694 35 0.032312583 0.3043000000000755
994 0.0013753316598013043 27 0.001272614928893745 35 0.027143942 0.3036000000000756
995 0.006146247498691082 33 0.004216385539621115 35 0.061092556 0.30290000000007566
996 0.0017081928672268987 31 0.0014910249738022685 35 0.019166604 0.30220000000007574
997 0.011012129485607147 33 0.010781093500554562 35 0.12860438 0.3015000000000758
998 0.08089511096477509 35 0.08089511096477509 35 0.17145212 0.3008000000000759
999 0.003284815466031432 35 0.003284815466031432 35 0.022856662 0.300100000000076
