0 0.05272047966718674 34 0.043415218591690063 35 0.13735965 0.99
1 0.01705469749867916 32 0.012413526885211468 35 0.19232808 0.99
2 0.001213104696944356 34 0.0010726841865107417 35 0.008974712 0.99
3 0.014860967174172401 27 0.010624212212860584 35 0.054656018 0.99
4 0.0007916974718682468 35 0.0007916974718682468 35 0.001722292 0.99
5 0.008732877671718597 33 0.005271890200674534 35 0.035957176 0.99
6 0.0067297243513166904 24 0.0052742911502718925 35 0.03362368 0.99
7 0.0006585092633031309 29 3.797990575549193e-05 35 0.0029577147 0.99
8 0.0012611275305971503 34 0.0008778607589192688 35 0.006899059 0.99
9 0.002179741393774748 35 0.002179741393774748 35 0.010113407 0.99
10 0.0005773822776973248 35 0.0005773822776973248 35 0.0046327827 0.99
11 0.007717860396951437 35 0.007717860396951437 35 0.08126082 0.99
12 0.005428246222436428 35 0.005428246222436428 35 0.008698957 0.99
13 0.0018563083140179515 33 0.0009813584620133042 35 0.010990298 0.99
14 0.01826685108244419 34 0.01721225492656231 35 0.13649799 0.9896
15 0.0003204123058822006 34 0.00024604806094430387 35 0.002115792 0.9889000000000001
16 0.007847193628549576 26 0.0072528887540102005 35 0.08338749 0.9882000000000002
17 0.0014026138233020902 25 0.0006721894606016576 35 0.024451675 0.9875000000000003
18 0.003917348105460405 34 0.0035765438806265593 35 0.02509074 0.9868000000000003
19 0.009390093386173248 29 0.007673728745430708 35 0.052284442 0.9861000000000004
20 0.0018578199669718742 35 0.0018578199669718742 35 0.013425352 0.9854000000000005
21 0.0009448181372135878 24 0.00031881924951449037 35 0.011885327 0.9847000000000006
22 0.03900229185819626 32 0.025003524497151375 35 0.2460145 0.9840000000000007
23 6.418240809580311e-05 35 6.418240809580311e-05 35 0.00027887552 0.9833000000000007
24 0.0004930266295559704 21 0.000264271191554144 35 0.014321379 0.9826000000000008
25 0.007129443343728781 34 0.0068525937385857105 35 0.06262113 0.9819000000000009
26 0.001881682313978672 31 0.0015609225956723094 35 0.014463961 0.981200000000001
27 0.0010879443725571036 34 0.000285051588434726 35 0.0060062977 0.980500000000001
28 0.03141559287905693 35 0.03141559287905693 35 0.15518945 0.9798000000000011
29 0.0007639066316187382 28 0.0005686075310222805 35 0.0057908786 0.9791000000000012
30 0.017285827547311783 35 0.017285827547311783 35 0.048305277 0.9784000000000013
31 0.012851026840507984 26 0.01060260459780693 35 0.06883975 0.9777000000000013
32 0.002052907133474946 35 0.002052907133474946 35 0.0057185283 0.9770000000000014
33 0.0003504993801470846 34 0.00017795558960642666 35 0.004062974 0.9763000000000015
34 0.0014291404513642192 35 0.0014291404513642192 35 0.010829921 0.9756000000000016
35 4.855685619986616e-05 16 1.803655322873965e-05 35 0.0005279234 0.9749000000000017
36 0.005070880055427551 25 0.0013645286671817303 35 0.08705162 0.9742000000000017
37 0.004343120381236076 34 0.0043289256282150745 35 0.06672768 0.9735000000000018
38 0.0003008208586834371 33 0.00011616176198003814 35 0.002228408 0.9728000000000019
39 0.0012915715342387557 30 0.0005622350727207959 35 0.007600942 0.972100000000002
40 0.005653786938637495 35 0.005653786938637495 35 0.028840054 0.971400000000002
41 0.0032764060888439417 35 0.0032764060888439417 35 0.022665186 0.9707000000000021
42 0.0039273579604923725 35 0.0039273579604923725 35 0.014988642 0.9700000000000022
43 0.00868240837007761 35 0.00868240837007761 35 0.06358011 0.9693000000000023
44 0.04744911193847656 34 0.04465244337916374 35 0.71281207 0.9686000000000023
45 0.08507174253463745 35 0.08507174253463745 35 0.030956173 0.9679000000000024
46 0.00283415662124753 35 0.00283415662124753 35 0.025905438 0.9672000000000025
47 0.009817353449761868 35 0.009817353449761868 35 0.046638817 0.9665000000000026
48 0.0011942979181185365 32 0.0007091478910297155 35 0.006610289 0.9658000000000027
49 0.0042721303179860115 33 0.0023338613100349903 35 0.05108729 0.9651000000000027
50 0.003402837086468935 34 0.002611692063510418 35 0.012981195 0.9644000000000028
51 0.0033155286218971014 32 0.0023022880777716637 35 0.015708826 0.9637000000000029
52 0.029855744913220406 30 0.011064331978559494 35 0.3403353 0.963000000000003
53 0.0007286827894859016 30 2.690859582799021e-05 35 0.007662761 0.962300000000003
54 0.003375465516000986 34 0.002715217648074031 35 0.032738794 0.9616000000000031
55 0.07023874670267105 35 0.07023874670267105 35 0.27769145 0.9609000000000032
56 0.0014653594698756933 34 0.0013276556273922324 35 0.0082094455 0.9602000000000033
57 0.013431721366941929 35 0.013431721366941929 35 0.08117423 0.9595000000000034
58 0.0006645538378506899 28 0.00032894688774831593 35 0.005165251 0.9588000000000034
59 0.0040592928417027 35 0.0040592928417027 35 0.010308258 0.9581000000000035
60 0.000992391025647521 25 0.0002787478151731193 35 0.014091988 0.9574000000000036
61 0.0027446134481579065 35 0.0027446134481579065 35 0.0121645555 0.9567000000000037
62 0.0012992117553949356 32 0.001167903421446681 35 0.013326411 0.9560000000000037
63 0.0010319981956854463 33 0.0009127844823524356 35 0.005532828 0.9553000000000038
64 0.0029300011228770018 33 0.0019011331023648381 35 0.025882386 0.9546000000000039
65 4.06291255785618e-05 34 3.791210110648535e-05 35 0.00016406752 0.953900000000004
66 0.00396204087883234 28 0.00100177142303437 35 0.01647773 0.953200000000004
67 0.0012880319263786077 35 0.0012880319263786077 35 0.001652077 0.9525000000000041
68 0.0077170273289084435 25 0.0029903037939220667 35 0.064340726 0.9518000000000042
69 0.02993093430995941 35 0.02993093430995941 35 0.11201412 0.9511000000000043
70 0.00017413754540029913 34 0.00015700404765084386 35 0.00080988964 0.9504000000000044
71 0.0031547388061881065 33 0.0027288286946713924 35 0.01963152 0.9497000000000044
72 0.0004448464896995574 27 0.000293469667667523 35 0.006406797 0.9490000000000045
73 0.0022941778879612684 35 0.0022941778879612684 35 0.006140938 0.9483000000000046
74 0.001216340227983892 35 0.001216340227983892 35 0.0013734389 0.9476000000000047
75 0.004567579831928015 30 0.0006509198574349284 35 0.03678962 0.9469000000000047
76 0.0033347266726195812 29 0.0009536681463941932 35 0.024101343 0.9462000000000048
77 0.0025450887624174356 35 0.0025450887624174356 35 0.020711299 0.9455000000000049
78 0.0008732869755476713 20 0.00011775724124163389 35 0.0053260177 0.944800000000005
79 0.0033298726193606853 35 0.0033298726193606853 35 0.022580622 0.944100000000005
80 0.005623599514365196 35 0.005623599514365196 35 0.042821817 0.9434000000000051
81 0.012200907804071903 35 0.012200907804071903 35 0.020211725 0.9427000000000052
82 0.0007745975162833929 34 0.0007153432234190404 35 0.0030328624 0.9420000000000053
83 0.010560238733887672 25 0.0007726823096163571 35 0.10745522 0.9413000000000054
84 0.002884842222556472 33 0.002111469628289342 35 0.028620407 0.9406000000000054
85 0.000877759070135653 35 0.000877759070135653 35 0.003184808 0.9399000000000055
86 0.0036001617554575205 35 0.0036001617554575205 35 0.01450569 0.9392000000000056
87 0.002140760188922286 34 0.002042834646999836 35 0.017035775 0.9385000000000057
88 0.0015228587435558438 35 0.0015228587435558438 35 0.0017520309 0.9378000000000057
89 0.004251265898346901 28 0.003024350618943572 35 0.020279016 0.9371000000000058
90 0.0005573849193751812 18 0.00043991676648147404 35 0.0061677783 0.9364000000000059
91 0.0028483166825026274 31 0.0019144936231896281 35 0.018737974 0.935700000000006
92 0.004017252009361982 35 0.004017252009361982 35 0.010216909 0.935000000000006
93 0.002262698719277978 24 0.0008758125477470458 35 0.041145813 0.9343000000000061
94 0.008468125946819782 29 0.0024718795903027058 35 0.055521518 0.9336000000000062
95 0.00115958449896425 26 0.00023911730386316776 35 0.012955005 0.9329000000000063
96 0.0041874065063893795 35 0.0041874065063893795 35 0.008644931 0.9322000000000064
97 0.00047824467765167356 29 0.0003549435641616583 35 0.0027594764 0.9315000000000064
98 0.004944258835166693 35 0.004944258835166693 35 0.01773398 0.9308000000000065
99 0.005702852737158537 34 0.005057941190898418 35 0.033878077 0.9301000000000066
100 0.0022995632607489824 35 0.0022995632607489824 35 0.012229401 0.9294000000000067
101 0.0009475561091676354 31 0.0005320071941241622 35 0.010873897 0.9287000000000067
102 0.0396239347755909 35 0.0396239347755909 35 0.35562032 0.9280000000000068
103 0.00434319581836462 34 0.004190213046967983 35 0.017817192 0.9273000000000069
104 0.006023285444825888 32 0.0043245037086308 35 0.046031114 0.926600000000007
105 0.0005985122988931835 34 0.0005156603292562068 35 0.00548982 0.925900000000007
106 0.001477296813391149 35 0.001477296813391149 35 0.008486189 0.9252000000000071
107 0.002123906509950757 35 0.002123906509950757 35 0.008913234 0.9245000000000072
108 0.009781301021575928 28 0.001362371607683599 35 0.111042924 0.9238000000000073
109 0.0058286734856665134 29 0.003899061819538474 35 0.029814687 0.9231000000000074
110 0.0359334833920002 35 0.0359334833920002 35 0.28131643 0.9224000000000074
111 0.01410803571343422 35 0.01410803571343422 35 0.13654013 0.9217000000000075
112 0.04321800917387009 35 0.04321800917387009 35 0.20519058 0.9210000000000076
113 0.0006942596519365907 23 0.0005190709489397705 35 0.015216566 0.9203000000000077
114 0.0005529351765289903 35 0.0005529351765289903 35 0.0023002003 0.9196000000000077
115 0.029364900663495064 35 0.029364900663495064 35 0.095880605 0.9189000000000078
116 0.0009754873462952673 29 0.0001777302095433697 35 0.0027518796 0.9182000000000079
117 0.00043693726183846593 24 0.0003835697134491056 35 0.0055122315 0.917500000000008
118 0.003925776574760675 35 0.003925776574760675 35 0.007055591 0.916800000000008
119 0.0017210346413776278 35 0.0017210346413776278 35 0.017107574 0.9161000000000081
120 0.015684060752391815 35 0.015684060752391815 35 0.051214036 0.9154000000000082
121 0.0417906753718853 35 0.0417906753718853 35 0.13131551 0.9147000000000083
122 0.008758383803069592 33 0.005129102151840925 35 0.03530068 0.9140000000000084
123 0.00040174336754716933 23 0.00011619085125857964 35 0.0084826145 0.9133000000000084
124 0.004608816467225552 31 0.0018804450519382954 35 0.033066124 0.9126000000000085
125 0.0009548246744088829 33 0.0009547579102218151 35 0.01211155 0.9119000000000086
126 0.0014211800880730152 35 0.0014211800880730152 35 0.0019440955 0.9112000000000087
127 0.003552829846739769 31 0.0016304702730849385 35 0.047473103 0.9105000000000087
128 0.0015367615269497037 35 0.0015367615269497037 35 0.005029171 0.9098000000000088
129 0.0014052274636924267 35 0.0014052274636924267 35 0.014233385 0.9091000000000089
130 0.0005717960884794593 32 0.00034689230960793793 35 0.002173493 0.908400000000009
131 0.007101970259100199 30 0.002625836757943034 35 0.07460389 0.907700000000009
132 0.0005753914010711014 29 0.00014560885028913617 35 0.0024315799 0.9070000000000091
133 0.003701766487210989 30 0.001940758666023612 35 0.02534674 0.9063000000000092
134 0.0009421288268640637 35 0.0009421288268640637 35 0.007879882 0.9056000000000093
135 4.5072065404383466e-05 25 9.12766972760437e-06 35 0.0011209114 0.9049000000000094
136 0.0006255704793147743 35 0.0006255704793147743 35 0.0064611896 0.9042000000000094
137 0.0009781329426914454 30 0.0005380730726756155 35 0.00443837 0.9035000000000095
138 0.008828134275972843 35 0.008828134275972843 35 0.016291665 0.9028000000000096
139 0.002414716873317957 27 0.0016767453635111451 35 0.033828896 0.9021000000000097
140 0.00515018543228507 35 0.00515018543228507 35 0.019400988 0.9014000000000097
141 0.00020076498913113028 35 0.00020076498913113028 35 0.0012792484 0.9007000000000098
142 0.02062695100903511 35 0.02062695100903511 35 0.08700881 0.9000000000000099
143 0.0011026235297322273 35 0.0011026235297322273 35 0.0022613883 0.89930000000001
144 0.008732886053621769 33 0.00837080366909504 35 0.11219191 0.8986000000000101
145 0.0013371717650443316 35 0.0013371717650443316 35 0.0028882665 0.8979000000000101
146 0.001111320685595274 33 0.0002661513281054795 35 0.0089342585 0.8972000000000102
147 0.006125758867710829 32 0.005870722234249115 35 0.058955014 0.8965000000000103
148 0.0017652601236477494 24 0.000673720904160291 35 0.027932975 0.8958000000000104
149 0.001806768705137074 25 0.0013375445269048214 35 0.036177017 0.8951000000000104
150 0.0003702802932821214 34 0.00025589397409930825 35 0.0047874236 0.8944000000000105
151 0.012831732630729675 35 0.012831732630729675 35 0.030035134 0.8937000000000106
152 0.14488361775875092 33 0.12743636965751648 35 3316.3293 0.8930000000000107
153 0.0027602750342339277 35 0.0027602750342339277 35 0.0075889127 0.8923000000000108
154 0.0029038155917078257 35 0.0029038155917078257 35 0.0029191307 0.8916000000000108
155 0.0009942194446921349 34 0.0007284060120582581 35 0.014549147 0.8909000000000109
156 0.015522576868534088 35 0.015522576868534088 35 0.018378824 0.890200000000011
157 0.042897455394268036 34 0.04222254455089569 35 0.4508248 0.8895000000000111
158 0.00773615064099431 33 0.006867178715765476 35 0.050294504 0.8888000000000111
159 0.0066574206575751305 30 0.0003897226124536246 35 0.027855724 0.8881000000000112
160 0.006302737630903721 33 0.005747515708208084 35 0.032028086 0.8874000000000113
161 0.0003877340059261769 35 0.0003877340059261769 35 0.0021990729 0.8867000000000114
162 0.012972568161785603 32 0.008686882443726063 35 0.06873076 0.8860000000000114
163 3.546611696947366e-05 24 2.887825758079998e-06 35 0.00038332504 0.8853000000000115
164 0.00011496327351778746 29 5.594770482275635e-05 35 0.00084681006 0.8846000000000116
165 0.00016769299691077322 20 7.245212327688932e-05 35 0.002127318 0.8839000000000117
166 0.00209062616340816 32 0.0004351005482021719 35 0.01222748 0.8832000000000118
167 0.0013422552729025483 31 0.00019021224579773843 35 0.0029113782 0.8825000000000118
168 0.0001487115368945524 31 8.312859426951036e-05 35 0.0024181483 0.8818000000000119
169 0.0004703168524429202 20 0.00044849925325252116 35 0.0050524296 0.881100000000012
170 0.0006543310009874403 35 0.0006543310009874403 35 0.00426575 0.8804000000000121
171 0.0001215336233144626 30 2.2260337573243305e-05 35 0.0014646177 0.8797000000000121
172 0.010540273040533066 35 0.010540273040533066 35 0.028433014 0.8790000000000122
173 0.004509589169174433 35 0.004509589169174433 35 0.010977012 0.8783000000000123
174 0.0004804529598914087 32 0.0004735502880066633 35 0.004930329 0.8776000000000124
175 0.0012440031860023737 34 0.0010007574455812573 35 0.007902297 0.8769000000000124
176 0.004153819289058447 35 0.004153819289058447 35 0.014876608 0.8762000000000125
177 0.0014628662029281259 34 0.001442202366888523 35 0.013668495 0.8755000000000126
178 0.004129788838326931 29 0.0010505408281460404 35 0.068016045 0.8748000000000127
179 0.010963278822600842 34 0.01091708429157734 35 0.08799619 0.8741000000000128
180 0.0019298262195661664 35 0.0019298262195661664 35 0.012845987 0.8734000000000128
181 0.0016574312467128038 31 0.0012523240875452757 35 0.0051383623 0.8727000000000129
182 0.0014812021981924772 33 0.0010185985593125224 35 0.006761188 0.872000000000013
183 0.006175887305289507 34 0.006161833181977272 35 0.010017741 0.8713000000000131
184 0.008023030124604702 35 0.008023030124604702 35 0.028648134 0.8706000000000131
185 0.008198779076337814 35 0.008198779076337814 35 0.017353646 0.8699000000000132
186 0.0020512777846306562 31 0.001191970193758607 35 0.006977211 0.8692000000000133
187 0.02926313877105713 35 0.02926313877105713 35 0.12299157 0.8685000000000134
188 0.05728092044591904 35 0.05728092044591904 35 0.16054527 0.8678000000000134
189 0.0020571299828588963 29 0.00024048244813457131 35 0.020482287 0.8671000000000135
190 0.0030883171129971743 33 0.0016113071469590068 35 0.005828835 0.8664000000000136
191 0.0075745368376374245 27 0.000823050329927355 35 0.12070869 0.8657000000000137
192 0.002820401918143034 35 0.002820401918143034 35 0.00855412 0.8650000000000138
193 0.0011068271705880761 31 0.0006871785735711455 35 0.012906393 0.8643000000000138
194 0.0019045728258788586 35 0.0019045728258788586 35 0.0020956697 0.8636000000000139
195 0.010264375247061253 35 0.010264375247061253 35 0.047913507 0.862900000000014
196 0.0032607391476631165 35 0.0032607391476631165 35 0.021556724 0.8622000000000141
197 0.006437318399548531 26 0.004606822971254587 35 0.084698886 0.8615000000000141
198 0.0013093092711642385 35 0.0013093092711642385 35 0.008269456 0.8608000000000142
199 0.001977976644411683 28 0.0009293260518461466 35 0.014376581 0.8601000000000143
200 0.002744474448263645 35 0.002744474448263645 35 0.026424386 0.8594000000000144
201 0.002166914753615856 35 0.002166914753615856 35 0.0066658533 0.8587000000000145
202 0.0068681263364851475 35 0.0068681263364851475 35 0.040764105 0.8580000000000145
203 0.0016562369419261813 35 0.0016562369419261813 35 0.016373076 0.8573000000000146
204 0.043369170278310776 35 0.043369170278310776 35 0.16928673 0.8566000000000147
205 0.0016027458477765322 29 0.001565744518302381 35 0.023985624 0.8559000000000148
206 0.0033022051211446524 35 0.0033022051211446524 35 0.017288478 0.8552000000000148
207 0.0031982522923499346 35 0.0031982522923499346 35 0.023302779 0.8545000000000149
208 0.010351680219173431 26 0.009369734674692154 35 0.10476091 0.853800000000015
209 0.0007742913439869881 31 8.389993308810517e-05 35 0.008327936 0.8531000000000151
210 0.0023261262103915215 35 0.0023261262103915215 35 0.017626658 0.8524000000000151
211 0.0007502948283217847 30 2.152972410840448e-05 35 0.011462379 0.8517000000000152
212 0.01828152872622013 35 0.01828152872622013 35 0.09939048 0.8510000000000153
213 0.0002399176883045584 34 0.0002261211775476113 35 0.0015650296 0.8503000000000154
214 0.17671699821949005 35 0.17671699821949005 35 2806.9749 0.8496000000000155
215 0.011446068994700909 35 0.011446068994700909 35 0.020658875 0.8489000000000155
216 0.004608131479471922 33 0.004543399438261986 35 0.026851943 0.8482000000000156
217 0.0015712538734078407 35 0.0015712538734078407 35 0.008758028 0.8475000000000157
218 0.06687019020318985 35 0.06687019020318985 35 852.5835 0.8468000000000158
219 0.01747959293425083 35 0.01747959293425083 35 0.16828921 0.8461000000000158
220 0.016208143904805183 35 0.016208143904805183 35 0.16939898 0.8454000000000159
221 0.0074691190384328365 35 0.0074691190384328365 35 0.016640149 0.844700000000016
222 0.00039884631405584514 35 0.00039884631405584514 35 0.004080954 0.8440000000000161
223 0.0014792296569794416 28 0.0011288960231468081 35 0.014288214 0.8433000000000161
224 0.02033022604882717 35 0.02033022604882717 35 0.09684087 0.8426000000000162
225 0.006736151408404112 33 0.00617710268124938 35 0.10061442 0.8419000000000163
226 0.07604771107435226 35 0.07604771107435226 35 899.8608 0.8412000000000164
227 0.00629163533449173 35 0.00629163533449173 35 0.036417823 0.8405000000000165
228 0.0008353333687409759 32 0.00031062084599398077 35 0.004703594 0.8398000000000165
229 0.034492649137973785 35 0.034492649137973785 35 0.18748635 0.8391000000000166
230 0.0027218209579586983 35 0.0027218209579586983 35 0.009777247 0.8384000000000167
231 8.001380774658173e-05 35 8.001380774658173e-05 35 0.00047185048 0.8377000000000168
232 0.0018360379617661238 35 0.0018360379617661238 35 0.025452329 0.8370000000000168
233 5.29227827428258e-06 35 5.29227827428258e-06 35 2.7533244e-05 0.8363000000000169
234 0.00913512147963047 35 0.00913512147963047 35 0.09923488 0.835600000000017
235 0.0015980901662260294 34 0.0015750325983390212 35 0.0045078737 0.8349000000000171
236 0.00014611304504796863 35 0.00014611304504796863 35 0.0015804914 0.8342000000000172
237 0.0011999198468402028 35 0.0011999198468402028 35 0.0044924654 0.8335000000000172
238 0.00876604299992323 35 0.00876604299992323 35 0.06283515 0.8328000000000173
239 0.011446565389633179 32 0.007906251586973667 35 0.16554469 0.8321000000000174
240 0.005463523790240288 35 0.005463523790240288 35 0.07216094 0.8314000000000175
241 0.0007370935054495931 26 0.000170828789123334 35 0.009577024 0.8307000000000175
242 0.0010393651900812984 33 0.0008005398558452725 35 0.008638729 0.8300000000000176
243 0.008315685205161572 35 0.008315685205161572 35 0.01503458 0.8293000000000177
244 0.001945251366123557 33 0.0009208202245645225 35 0.0056337705 0.8286000000000178
245 0.002016619313508272 34 0.0014224067563191056 35 0.0029309848 0.8279000000000178
246 0.029882896691560745 35 0.029882896691560745 35 0.1492739 0.8272000000000179
247 0.03758273273706436 35 0.03758273273706436 35 0.10925012 0.826500000000018
248 0.0018278284696862102 33 0.0017043498810380697 35 0.0025019923 0.8258000000000181
249 0.00030582607723772526 34 0.00029696503770537674 35 0.0012993922 0.8251000000000182
250 0.0024797176010906696 31 0.0007418254390358925 35 0.008927209 0.8244000000000182
251 0.011364629492163658 26 0.007363894488662481 35 0.17903629 0.8237000000000183
252 0.0005093470681458712 35 0.0005093470681458712 35 0.0017830653 0.8230000000000184
253 0.0009754227939993143 35 0.0009754227939993143 35 0.0025571873 0.8223000000000185
254 0.0037819063290953636 27 0.0022776725236326456 35 0.052809615 0.8216000000000185
255 0.015851767733693123 32 0.0025579221546649933 35 0.064243026 0.8209000000000186
256 0.0006374106160365045 35 0.0006374106160365045 35 0.0016265146 0.8202000000000187
257 0.0015108236111700535 35 0.0015108236111700535 35 0.008081462 0.8195000000000188
258 0.0010938566410914063 32 0.00036215869477018714 35 0.0075026536 0.8188000000000188
259 0.00016085940296761692 35 0.00016085940296761692 35 0.0013838555 0.8181000000000189
260 0.020354991778731346 35 0.020354991778731346 35 0.2501685 0.817400000000019
261 0.008653588593006134 34 0.006658703554421663 35 0.019265719 0.8167000000000191
262 0.004757841117680073 33 0.002210061764344573 35 0.06269199 0.8160000000000192
263 0.003814398543909192 23 0.0037062515038996935 35 0.051500876 0.8153000000000192
264 0.004836190026253462 35 0.004836190026253462 35 0.04551823 0.8146000000000193
265 0.0017825544346123934 23 0.001531659159809351 35 0.038641784 0.8139000000000194
266 0.022418899461627007 35 0.022418899461627007 35 0.053900797 0.8132000000000195
267 0.00024299640790559351 31 0.00012710636656265706 35 0.002356445 0.8125000000000195
268 0.04024965316057205 35 0.04024965316057205 35 0.37106964 0.8118000000000196
269 2.891070835175924e-05 24 1.3228021998656914e-05 35 0.00015499839 0.8111000000000197
270 0.016481485217809677 32 0.005844013299793005 35 0.05541026 0.8104000000000198
271 0.005261700600385666 33 0.0026859946083277464 35 0.037332088 0.8097000000000198
272 0.003684579161927104 35 0.003684579161927104 35 0.012677006 0.8090000000000199
273 0.002328241942450404 30 0.0015969963278621435 35 0.0036723772 0.80830000000002
274 7.126053242245689e-05 35 7.126053242245689e-05 35 0.0006049252 0.8076000000000201
275 0.0065111275762319565 35 0.0065111275762319565 35 0.05276638 0.8069000000000202
276 0.0010075682075694203 35 0.0010075682075694203 35 0.0045516435 0.8062000000000202
277 0.005600492469966412 32 0.004848685581237078 35 0.030525573 0.8055000000000203
278 0.04702580347657204 35 0.04702580347657204 35 0.060715657 0.8048000000000204
279 0.01846579648554325 35 0.01846579648554325 35 0.0391598 0.8041000000000205
280 0.0004144504782743752 35 0.0004144504782743752 35 0.0017670677 0.8034000000000205
281 0.00280223460868001 35 0.00280223460868001 35 0.007870666 0.8027000000000206
282 0.00606605876237154 35 0.00606605876237154 35 0.0025660235 0.8020000000000207
283 0.034956194460392 25 0.012010309845209122 35 0.35174483 0.8013000000000208
284 0.0007703137234784663 35 0.0007703137234784663 35 0.003667044 0.8006000000000209
285 0.00017375861352775246 32 0.0001737066631903872 35 0.0021025483 0.7999000000000209
286 0.0025429443921893835 35 0.0025429443921893835 35 0.014094309 0.799200000000021
287 0.011940534226596355 34 0.009900578297674656 35 0.022245709 0.7985000000000211
288 0.005954557564109564 32 0.0034924629144370556 35 0.044303343 0.7978000000000212
289 0.10349898040294647 29 0.04208371788263321 35 0.28503177 0.7971000000000212
290 0.0021462582517415285 35 0.0021462582517415285 35 0.012804854 0.7964000000000213
291 0.0004368486406747252 29 0.00034503056667745113 35 0.0035065445 0.7957000000000214
292 0.009370884858071804 35 0.009370884858071804 35 0.039637003 0.7950000000000215
293 4.796762368641794e-05 30 2.956437128887046e-05 35 0.00033049844 0.7943000000000215
294 0.012589695863425732 33 0.009339443407952785 35 0.058295753 0.7936000000000216
295 0.0003601697098929435 31 0.0002813994069583714 35 0.0017024183 0.7929000000000217
296 0.020162487402558327 35 0.020162487402558327 35 0.1308826 0.7922000000000218
297 0.0010587027063593268 27 0.0010245555313304067 35 0.023301024 0.7915000000000219
298 0.006681379862129688 29 0.0004704142629634589 35 0.038877316 0.7908000000000219
299 0.0009839863050729036 35 0.0009839863050729036 35 0.0064305216 0.790100000000022
300 0.07173893600702286 34 0.04896041005849838 35 0.14247553 0.7894000000000221
301 0.043701108545064926 35 0.043701108545064926 35 0.095948495 0.7887000000000222
302 0.02261289954185486 30 0.018399842083454132 35 0.06441009 0.7880000000000222
303 0.001402728958055377 30 0.00010890526027651504 35 0.015733765 0.7873000000000223
304 0.0006601308123208582 28 0.00035003109951503575 35 0.0011805675 0.7866000000000224
305 0.0012794636422768235 35 0.0012794636422768235 35 0.011125943 0.7859000000000225
306 0.038325849920511246 35 0.038325849920511246 35 0.2449506 0.7852000000000225
307 0.0016864626668393612 35 0.0016864626668393612 35 0.048465796 0.7845000000000226
308 0.0006118276505731046 35 0.0006118276505731046 35 0.0018643936 0.7838000000000227
309 0.0011807573027908802 35 0.0011807573027908802 35 0.0020276145 0.7831000000000228
310 0.006167154759168625 35 0.006167154759168625 35 0.024445817 0.7824000000000229
311 0.00040037938742898405 34 0.0002967520267702639 35 0.0014763821 0.7817000000000229
312 0.0029096463695168495 34 0.001625871635042131 35 0.02139874 0.781000000000023
313 0.0028934809379279613 27 0.000430562999099493 35 0.04636072 0.7803000000000231
314 0.0001661380665609613 29 0.00015219542547129095 35 0.002396571 0.7796000000000232
315 0.0010377211729064584 25 0.0002443726407364011 35 0.007756284 0.7789000000000232
316 0.001963547198101878 23 0.0009049645159393549 35 0.0307165 0.7782000000000233
317 0.0006763467681594193 28 8.1472477177158e-05 35 0.005538841 0.7775000000000234
318 0.0003863743622787297 34 0.00037565312231890857 35 0.004249802 0.7768000000000235
319 0.011798504739999771 35 0.011798504739999771 35 0.09621621 0.7761000000000235
320 0.031175663694739342 35 0.031175663694739342 35 0.05260506 0.7754000000000236
321 0.008945543318986893 32 0.004880356136709452 35 0.1791857 0.7747000000000237
322 0.034314144402742386 34 0.03252878412604332 35 0.28097463 0.7740000000000238
323 0.000489091849885881 35 0.000489091849885881 35 0.0029744192 0.7733000000000239
324 0.021865157410502434 35 0.021865157410502434 35 0.06960735 0.7726000000000239
325 0.010840903036296368 35 0.010840903036296368 35 0.028135328 0.771900000000024
326 0.0017275841673836112 35 0.0017275841673836112 35 0.009928949 0.7712000000000241
327 0.002359593752771616 35 0.002359593752771616 35 0.017128859 0.7705000000000242
328 0.00651234295219183 35 0.00651234295219183 35 0.06409202 0.7698000000000242
329 0.0015730040613561869 35 0.0015730040613561869 35 0.012323411 0.7691000000000243
330 0.006895354948937893 33 0.003368350211530924 35 0.059234366 0.7684000000000244
331 0.0020444595720618963 31 0.00039471188210882246 35 0.015436976 0.7677000000000245
332 0.01985781081020832 32 0.014282623305916786 35 0.10864981 0.7670000000000246
333 0.0014029871672391891 35 0.0014029871672391891 35 0.004027187 0.7663000000000246
334 0.011692492291331291 35 0.011692492291331291 35 0.06344572 0.7656000000000247
335 0.0006473315879702568 35 0.0006473315879702568 35 0.003171389 0.7649000000000248
336 0.007840272039175034 28 0.001340501825325191 35 0.11894149 0.7642000000000249
337 0.003048509592190385 35 0.003048509592190385 35 0.030796746 0.7635000000000249
338 0.0029035843908786774 25 0.0011531218187883496 35 0.011446615 0.762800000000025
339 0.001269850297830999 35 0.001269850297830999 35 0.013620076 0.7621000000000251
340 0.0016049300320446491 35 0.0016049300320446491 35 0.0029182907 0.7614000000000252
341 0.0011619399301707745 35 0.0011619399301707745 35 0.0070897816 0.7607000000000252
342 0.007856123149394989 35 0.007856123149394989 35 0.030027423 0.7600000000000253
343 0.002452133921906352 35 0.002452133921906352 35 0.013725468 0.7593000000000254
344 0.0013346903724595904 35 0.0013346903724595904 35 0.00492197 0.7586000000000255
345 0.001425454393029213 27 0.0002143450255971402 35 0.010948612 0.7579000000000256
346 0.010398736223578453 30 0.006343794986605644 35 0.11720087 0.7572000000000256
347 0.0022192331962287426 35 0.0022192331962287426 35 0.0028433565 0.7565000000000257
348 0.0019230293110013008 35 0.0019230293110013008 35 0.020909034 0.7558000000000258
349 0.0005991894286125898 25 0.0005924378056079149 35 0.009833683 0.7551000000000259
350 0.00025750522036105394 35 0.00025750522036105394 35 0.0028173358 0.7544000000000259
351 0.010421629063785076 33 0.009258232079446316 35 0.041689746 0.753700000000026
352 0.004866536241024733 26 0.001978171756491065 35 0.06163758 0.7530000000000261
353 0.006031722296029329 27 0.003978254273533821 35 0.08282776 0.7523000000000262
354 0.00522067304700613 30 0.0036509493365883827 35 0.035195686 0.7516000000000262
355 3.1588868296239525e-05 34 2.9470618756022304e-05 35 0.00028473698 0.7509000000000263
356 0.0011849446455016732 30 0.00037863553734496236 35 0.013405615 0.7502000000000264
357 0.0013910236302763224 35 0.0013910236302763224 35 0.009525916 0.7495000000000265
358 0.03973972424864769 35 0.03973972424864769 35 0.12886149 0.7488000000000266
359 0.0003399739507585764 35 0.0003399739507585764 35 0.0012388845 0.7481000000000266
360 0.00025419623125344515 27 3.578669929993339e-05 35 0.002177335 0.7474000000000267
361 0.00779539393261075 30 0.006131230853497982 35 0.07142981 0.7467000000000268
362 0.03155478835105896 35 0.03155478835105896 35 0.1319651 0.7460000000000269
363 0.00023878889624029398 32 0.00020256951393093914 35 0.0026795932 0.7453000000000269
364 0.0025236490182578564 35 0.0025236490182578564 35 0.006677543 0.744600000000027
365 0.04443078488111496 35 0.04443078488111496 35 0.1499019 0.7439000000000271
366 0.001253703492693603 35 0.001253703492693603 35 0.02057856 0.7432000000000272
367 0.010523324832320213 35 0.010523324832320213 35 0.019320648 0.7425000000000272
368 0.010922224260866642 35 0.010922224260866642 35 0.042955987 0.7418000000000273
369 0.009337801486253738 35 0.009337801486253738 35 0.031990707 0.7411000000000274
370 0.0011810694122686982 24 0.0010037296451628208 35 0.012644731 0.7404000000000275
371 0.0008644785266369581 32 0.00040653569158166647 35 0.008982606 0.7397000000000276
372 0.002213926985859871 34 0.0021611195988953114 35 0.026384674 0.7390000000000276
373 0.013625063933432102 31 0.013016005977988243 35 0.3326343 0.7383000000000277
374 0.0009254820761270821 35 0.0009254820761270821 35 0.004438441 0.7376000000000278
375 0.00037425951450131834 35 0.00037425951450131834 35 0.0020771534 0.7369000000000279
376 0.0005375282489694655 35 0.0005375282489694655 35 0.0047521307 0.7362000000000279
377 0.004161348566412926 27 0.002342876512557268 35 0.046196457 0.735500000000028
378 0.0013640562538057566 35 0.0013640562538057566 35 0.0060647037 0.7348000000000281
379 0.0023102685809135437 34 0.002305482979863882 35 0.014346763 0.7341000000000282
380 0.0034310792107135057 35 0.0034310792107135057 35 0.025204815 0.7334000000000283
381 0.0008869557059369981 32 0.0007184657151810825 35 0.013741647 0.7327000000000283
382 0.0003044651239179075 25 0.00017836957704275846 35 0.003386327 0.7320000000000284
383 0.004525249823927879 34 0.004380818922072649 35 0.033358227 0.7313000000000285
384 0.006801231298595667 35 0.006801231298595667 35 0.053897843 0.7306000000000286
385 0.0033242504578083754 33 0.0028483890928328037 35 0.036463454 0.7299000000000286
386 0.00034979014890268445 18 4.5937915274407715e-05 35 0.0052024727 0.7292000000000287
387 0.0011822768719866872 35 0.0011822768719866872 35 0.0022142308 0.7285000000000288
388 0.0003979562607128173 32 1.0955647667287849e-05 35 0.0019515788 0.7278000000000289
389 0.00014823190576862544 35 0.00014823190576862544 35 0.0010601828 0.727100000000029
390 0.000990182743407786 29 0.0008771116845309734 35 0.0024620306 0.726400000000029
391 0.0018171988194808364 35 0.0018171988194808364 35 0.005982361 0.7257000000000291
392 9.374986257171258e-05 20 5.759027772000991e-06 35 0.0014738786 0.7250000000000292
393 0.0008402707171626389 34 0.0007305372273549438 35 0.009079577 0.7243000000000293
394 0.00044546890421770513 35 0.00044546890421770513 35 0.002094381 0.7236000000000293
395 0.009143713861703873 31 0.00577440345659852 35 0.115167335 0.7229000000000294
396 0.11922522634267807 27 0.022661618888378143 35 3867.974 0.7222000000000295
397 0.0018131317337974906 35 0.0018131317337974906 35 0.014659907 0.7215000000000296
398 0.004563990514725447 35 0.004563990514725447 35 0.05378511 0.7208000000000296
399 0.00042256774031557143 30 0.00010995492630172521 35 0.003956966 0.7201000000000297
400 9.75799048319459e-05 33 8.992241782834753e-05 35 0.002183793 0.7194000000000298
401 2.051632691291161e-05 18 2.2776326602524932e-07 35 0.0003870862 0.7187000000000299
402 0.0001315867411904037 35 0.0001315867411904037 35 0.0031091406 0.71800000000003
403 0.00527805183082819 32 0.0005748399998992682 35 0.047125526 0.71730000000003
404 0.00833764486014843 34 0.007702214177697897 35 0.04936698 0.7166000000000301
405 0.008166791871190071 29 0.0024307144340127707 35 0.0732423 0.7159000000000302
406 0.0018582679331302643 34 0.0017614701064303517 35 0.0076971585 0.7152000000000303
407 0.10539254546165466 34 0.10401669144630432 35 944.8235 0.7145000000000303
408 0.05104932188987732 35 0.05104932188987732 35 0.22201064 0.7138000000000304
409 0.002319950610399246 30 0.0006128738750703633 35 0.03762222 0.7131000000000305
410 0.005478393752127886 33 0.002445120131596923 35 0.022330998 0.7124000000000306
411 0.008470270782709122 32 0.0028167800046503544 35 0.05001851 0.7117000000000306
412 0.0007212442578747869 33 0.00046889553777873516 35 0.0058535486 0.7110000000000307
413 0.0012160358019173145 35 0.0012160358019173145 35 0.0138711 0.7103000000000308
414 0.00011923030251637101 29 2.955153104267083e-05 35 0.0014048539 0.7096000000000309
415 0.00018171237024944276 25 9.549113747198135e-05 35 0.0020936546 0.708900000000031
416 0.0016190834576264024 35 0.0016190834576264024 35 0.0028452894 0.708200000000031
417 0.004750674590468407 35 0.004750674590468407 35 0.020158397 0.7075000000000311
418 0.0065736775286495686 34 0.0039019915275275707 35 0.035707302 0.7068000000000312
419 0.0003096236614510417 31 0.0002887273149099201 35 0.0007065495 0.7061000000000313
420 9.453819802729413e-05 35 9.453819802729413e-05 35 0.0006210974 0.7054000000000313
421 0.00013869865506421775 21 8.506071753799915e-05 35 0.0017164005 0.7047000000000314
422 0.0008064137655310333 35 0.0008064137655310333 35 0.002450162 0.7040000000000315
423 0.0056926351971924305 30 0.0006218428025022149 35 0.07114968 0.7033000000000316
424 0.0033541119191795588 35 0.0033541119191795588 35 0.002990508 0.7026000000000316
425 0.004106633830815554 35 0.004106633830815554 35 0.009068937 0.7019000000000317
426 0.12441748380661011 35 0.12441748380661011 35 0.20566757 0.7012000000000318
427 0.013607924804091454 33 0.011708464473485947 35 0.1237096 0.7005000000000319
428 0.00996524840593338 25 0.002427763305604458 35 0.05835132 0.699800000000032
429 0.020233802497386932 31 0.01700223982334137 35 0.41315874 0.699100000000032
430 0.002360942540690303 35 0.002360942540690303 35 0.0025112785 0.6984000000000321
431 0.0037457700818777084 35 0.0037457700818777084 35 0.0074418457 0.6977000000000322
432 0.027762621641159058 28 0.007907689549028873 35 0.609378 0.6970000000000323
433 0.012249263003468513 31 0.0031309628393501043 35 0.11604452 0.6963000000000323
434 0.005944447126239538 26 0.0027404034044593573 35 0.15399626 0.6956000000000324
435 0.003921316470950842 35 0.003921316470950842 35 0.004100702 0.6949000000000325
436 0.0017267623916268349 35 0.0017267623916268349 35 0.030399377 0.6942000000000326
437 0.08633686602115631 35 0.08633686602115631 35 1796.7169 0.6935000000000326
438 0.0016975809121504426 35 0.0016975809121504426 35 0.019516136 0.6928000000000327
439 0.0028256154619157314 35 0.0028256154619157314 35 0.007873121 0.6921000000000328
440 0.004882541485130787 35 0.004882541485130787 35 0.011083909 0.6914000000000329
441 0.005133199971169233 31 0.004878676496446133 35 0.06526233 0.690700000000033
442 0.0007633664063178003 35 0.0007633664063178003 35 0.0018513418 0.690000000000033
443 0.0005799484206363559 22 0.00010510317224543542 35 0.009391835 0.6893000000000331
444 0.004003122914582491 35 0.004003122914582491 35 0.0011851785 0.6886000000000332
445 0.0011487165465950966 33 0.00033698088373057544 35 0.017308747 0.6879000000000333
446 0.0018990279641002417 26 0.0017411781009286642 35 0.037480533 0.6872000000000333
447 0.006199441384524107 35 0.006199441384524107 35 0.050062984 0.6865000000000334
448 0.00045659509487450123 33 0.0004066746332682669 35 0.0033672694 0.6858000000000335
449 0.005237358622252941 35 0.005237358622252941 35 0.01725536 0.6851000000000336
450 0.0014652239624410868 31 0.0002963500446639955 35 0.0084292935 0.6844000000000336
451 0.022677136585116386 35 0.022677136585116386 35 0.15302457 0.6837000000000337
452 0.025192422792315483 35 0.025192422792315483 35 0.095100366 0.6830000000000338
453 0.009192121215164661 30 0.002614410826936364 35 0.041402284 0.6823000000000339
454 0.06422417610883713 35 0.06422417610883713 35 853.235 0.681600000000034
455 0.0011300611076876521 27 8.742406498640776e-05 35 0.013289627 0.680900000000034
456 0.00046252808533608913 32 0.00012492926907725632 35 0.0035828284 0.6802000000000341
457 0.0018449753988534212 31 0.0007966083358041942 35 0.021208327 0.6795000000000342
458 0.002010574797168374 35 0.002010574797168374 35 0.016458709 0.6788000000000343
459 0.0029768901877105236 28 0.0004557516658678651 35 0.03391849 0.6781000000000343
460 0.006530607584863901 25 0.0038663179147988558 35 0.1113189 0.6774000000000344
461 0.01070402842015028 33 0.009419105015695095 35 0.09240126 0.6767000000000345
462 0.002885346533730626 35 0.002885346533730626 35 0.017295036 0.6760000000000346
463 0.0020960683468729258 35 0.0020960683468729258 35 0.002213207 0.6753000000000347
464 0.008124015294015408 35 0.008124015294015408 35 0.040237315 0.6746000000000347
465 0.0467832088470459 35 0.0467832088470459 35 0.2965618 0.6739000000000348
466 0.004705615341663361 30 0.0010253608925268054 35 0.054177914 0.6732000000000349
467 0.0012157403398305178 35 0.0012157403398305178 35 0.008074097 0.672500000000035
468 0.006171722896397114 33 0.005108383484184742 35 0.06754953 0.671800000000035
469 0.002636269200593233 31 0.0008501535630784929 35 0.03653171 0.6711000000000351
470 0.04225753992795944 35 0.04225753992795944 35 0.51435447 0.6704000000000352
471 0.0015804669819772243 35 0.0015804669819772243 35 0.01564405 0.6697000000000353
472 0.006312498357146978 35 0.006312498357146978 35 0.023775129 0.6690000000000353
473 0.0004469378909561783 35 0.0004469378909561783 35 0.0041298266 0.6683000000000354
474 0.01890667714178562 35 0.01890667714178562 35 0.12260847 0.6676000000000355
475 0.006760873831808567 31 0.006543366704136133 35 0.11058487 0.6669000000000356
476 0.002468162914738059 35 0.002468162914738059 35 0.01180484 0.6662000000000357
477 0.007877110503613949 34 0.005624235607683659 35 0.025959864 0.6655000000000357
478 0.0025652225594967604 32 0.0021061543375253677 35 0.028805723 0.6648000000000358
479 0.008115064352750778 35 0.008115064352750778 35 0.007829547 0.6641000000000359
480 0.014516125433146954 32 0.012966986745595932 35 0.12496012 0.663400000000036
481 0.002572856843471527 27 0.0025611596647650003 35 0.03265219 0.662700000000036
482 0.0008690483518876135 31 0.0006451638182625175 35 0.011141459 0.6620000000000361
483 0.004130390472710133 35 0.004130390472710133 35 0.0073152827 0.6613000000000362
484 0.01316174678504467 33 0.01010754331946373 35 0.11356668 0.6606000000000363
485 0.0009885129984468222 35 0.0009885129984468222 35 0.0059288763 0.6599000000000363
486 0.01311394851654768 32 0.007278821896761656 35 0.1820752 0.6592000000000364
487 0.001069110818207264 27 0.0009746112045831978 35 0.008696116 0.6585000000000365
488 0.0027653875295072794 32 0.0019176381174474955 35 0.020392392 0.6578000000000366
489 0.011521803215146065 28 0.0077811963856220245 35 0.23711744 0.6571000000000367
490 0.001217524753883481 30 0.00047179521061480045 35 0.007421076 0.6564000000000367
491 0.005193081218749285 35 0.005193081218749285 35 0.045922965 0.6557000000000368
492 0.002809268655255437 25 0.0025435483548790216 35 0.03312842 0.6550000000000369
493 0.008600299246609211 33 0.0060458858497440815 35 0.051328722 0.654300000000037
494 0.0029283908661454916 35 0.0029283908661454916 35 0.0155043155 0.653600000000037
495 0.0005437115905806422 35 0.0005437115905806422 35 0.0065553803 0.6529000000000371
496 0.013574384152889252 35 0.013574384152889252 35 0.019380081 0.6522000000000372
497 0.01926381140947342 35 0.01926381140947342 35 0.06866047 0.6515000000000373
498 0.0016283593140542507 32 0.0011312963906675577 35 0.004578909 0.6508000000000373
499 0.024824993684887886 35 0.024824993684887886 35 0.11837003 0.6501000000000374
500 0.0006789917242713273 34 0.0006486464408226311 35 0.0065234443 0.6494000000000375
501 0.0018896190449595451 32 0.0008143640006892383 35 0.0060516037 0.6487000000000376
502 0.001064035459421575 31 0.0007455178420059383 35 0.012848999 0.6480000000000377
503 0.018677392974495888 29 0.00409387843683362 35 0.12463735 0.6473000000000377
504 0.0054035247303545475 30 0.004641630221158266 35 0.056652404 0.6466000000000378
505 0.002111701760441065 30 0.0007161523681133986 35 0.0073244856 0.6459000000000379
506 0.018831485882401466 35 0.018831485882401466 35 0.13292316 0.645200000000038
507 0.1414167881011963 35 0.1414167881011963 35 852.3031 0.644500000000038
508 0.07629982382059097 31 0.02935231663286686 35 0.68678296 0.6438000000000381
509 0.004630051087588072 35 0.004630051087588072 35 0.007371604 0.6431000000000382
510 0.027231715619564056 35 0.027231715619564056 35 0.15555489 0.6424000000000383
511 0.006180936004966497 27 0.0028757834807038307 35 0.066156976 0.6417000000000384
512 0.004864357877522707 32 0.002660111989825964 35 0.05068065 0.6410000000000384
513 0.0010780658340081573 33 0.0005202644970268011 35 0.005414784 0.6403000000000385
514 0.01814110390841961 35 0.01814110390841961 35 0.2487747 0.6396000000000386
515 0.004571013152599335 32 0.0017507622251287103 35 0.0267353 0.6389000000000387
516 0.04407404363155365 29 0.019043905660510063 35 0.4359274 0.6382000000000387
517 0.0003276609058957547 35 0.0003276609058957547 35 0.0023656667 0.6375000000000388
518 0.000589582254178822 32 0.00024921074509620667 35 0.0073911105 0.6368000000000389
519 0.017131982371211052 34 0.014813210815191269 35 0.03456513 0.636100000000039
520 0.00779302092269063 34 0.007417852059006691 35 0.0445996 0.635400000000039
521 0.009956800378859043 35 0.009956800378859043 35 0.0023978332 0.6347000000000391
522 0.00226416508667171 33 0.0021726987324655056 35 0.023896746 0.6340000000000392
523 0.015233994461596012 32 0.012809434905648232 35 0.13802606 0.6333000000000393
524 0.010767687112092972 22 0.007894244976341724 35 0.10298138 0.6326000000000394
525 0.0016832990804687142 32 0.0011054560309275985 35 0.01383283 0.6319000000000394
526 0.002331302734091878 34 0.0022873813286423683 35 0.015700236 0.6312000000000395
527 0.006777429021894932 35 0.006777429021894932 35 0.029441107 0.6305000000000396
528 0.0018682855879887938 35 0.0018682855879887938 35 0.021602726 0.6298000000000397
529 0.0019691535271704197 35 0.0019691535271704197 35 0.007526604 0.6291000000000397
530 0.0015545019414275885 25 0.001519988989457488 35 0.023999538 0.6284000000000398
531 0.001148407463915646 27 0.0008775624446570873 35 0.007344896 0.6277000000000399
532 0.03397943079471588 31 0.026820052415132523 35 0.050972432 0.62700000000004
533 0.010053055360913277 35 0.010053055360913277 35 0.07915202 0.62630000000004
534 0.00650792708620429 33 0.006346398964524269 35 0.083545476 0.6256000000000401
535 0.021243233233690262 35 0.021243233233690262 35 0.13426423 0.6249000000000402
536 0.011964663863182068 29 0.00911893229931593 35 0.112204164 0.6242000000000403
537 0.019933730363845825 26 0.007629266008734703 35 0.16350295 0.6235000000000404
538 0.005695677828043699 35 0.005695677828043699 35 0.032036338 0.6228000000000404
539 0.02169451303780079 35 0.02169451303780079 35 0.113285944 0.6221000000000405
540 0.0016513210721313953 35 0.0016513210721313953 35 0.006539377 0.6214000000000406
541 0.0013487748801708221 23 0.0010030078701674938 35 0.012345238 0.6207000000000407
542 0.09472111612558365 35 0.09472111612558365 35 0.38418537 0.6200000000000407
543 0.009515316225588322 35 0.009515316225588322 35 0.0321872 0.6193000000000408
544 0.005954960361123085 35 0.005954960361123085 35 0.010961003 0.6186000000000409
545 0.0005904039717279375 25 0.00022235432697925717 35 0.011149209 0.617900000000041
546 0.020157888531684875 34 0.017604656517505646 35 0.13608646 0.617200000000041
547 0.0006995874573476613 25 5.86638589084032e-06 35 0.009551816 0.6165000000000411
548 0.01621122658252716 24 0.0036917738616466522 35 0.30300277 0.6158000000000412
549 0.08391423523426056 32 0.06346900016069412 35 415.68756 0.6151000000000413
550 0.027761608362197876 35 0.027761608362197876 35 0.052032087 0.6144000000000414
551 0.00023789166880305856 25 7.322050078073516e-05 35 0.0036409178 0.6137000000000414
552 0.05605534836649895 35 0.05605534836649895 35 415.34174 0.6130000000000415
553 0.04250337928533554 35 0.04250337928533554 35 0.18210307 0.6123000000000416
554 0.0024767930153757334 35 0.0024767930153757334 35 0.015614969 0.6116000000000417
555 0.0005862921243533492 35 0.0005862921243533492 35 0.0041038003 0.6109000000000417
556 0.019464164972305298 35 0.019464164972305298 35 0.0037904386 0.6102000000000418
557 0.018912730738520622 30 0.0018814658978953958 35 0.14824836 0.6095000000000419
558 0.0048423889093101025 35 0.0048423889093101025 35 0.024550118 0.608800000000042
559 0.018572064116597176 35 0.018572064116597176 35 0.021207297 0.608100000000042
560 0.00851453561335802 24 0.0010271616047248244 35 0.05164039 0.6074000000000421
561 0.0015620862832292914 35 0.0015620862832292914 35 0.013982277 0.6067000000000422
562 0.02442949078977108 35 0.02442949078977108 35 0.09477447 0.6060000000000423
563 0.005953342653810978 35 0.005953342653810978 35 0.013352312 0.6053000000000424
564 0.0010887659154832363 35 0.0010887659154832363 35 0.002285776 0.6046000000000424
565 0.015940185636281967 35 0.015940185636281967 35 0.08715706 0.6039000000000425
566 0.0008595528197474778 33 0.0007842084160074592 35 0.0067374283 0.6032000000000426
567 0.011108479462563992 35 0.011108479462563992 35 0.21757783 0.6025000000000427
568 4.213471038383432e-05 35 4.213471038383432e-05 35 0.00030112444 0.6018000000000427
569 0.0028834224212914705 35 0.0028834224212914705 35 0.019283054 0.6011000000000428
570 0.009294794872403145 34 0.008801199495792389 35 0.085176535 0.6004000000000429
571 0.00012312624312471598 35 0.00012312624312471598 35 0.0017444482 0.599700000000043
572 0.01787729002535343 32 0.008746377192437649 35 0.066348374 0.599000000000043
573 0.044197529554367065 35 0.044197529554367065 35 0.006942927 0.5983000000000431
574 0.04574637487530708 28 0.02161930315196514 35 0.39320123 0.5976000000000432
575 0.0007752164383418858 30 0.0004273048834875226 35 0.008688632 0.5969000000000433
576 0.05842176452279091 30 0.021911291405558586 35 1102.0293 0.5962000000000434
577 0.00019638650701381266 30 7.366080808424158e-06 35 0.0014534415 0.5955000000000434
578 0.0077453674748539925 35 0.0077453674748539925 35 0.0478097 0.5948000000000435
579 0.018831921741366386 28 0.017210761085152626 35 0.27189672 0.5941000000000436
580 0.006414583418518305 32 0.006017545238137245 35 0.03086003 0.5934000000000437
581 0.01577257178723812 25 0.009414855390787125 35 0.2206522 0.5927000000000437
582 0.082269087433815 31 0.08036914467811584 35 852.44275 0.5920000000000438
583 0.03779447451233864 30 0.02591930516064167 35 0.32039446 0.5913000000000439
584 0.004774371162056923 35 0.004774371162056923 35 0.055274397 0.590600000000044
585 0.0010492000728845596 35 0.0010492000728845596 35 0.003350872 0.5899000000000441
586 0.012564928270876408 32 0.008582523092627525 35 0.15860425 0.5892000000000441
587 0.011083973571658134 34 0.010704166255891323 35 0.05670201 0.5885000000000442
588 0.009557015262544155 35 0.009557015262544155 35 0.04255585 0.5878000000000443
589 0.002629802795127034 35 0.002629802795127034 35 0.01245486 0.5871000000000444
590 0.0009609197149984539 30 0.00016157361096702516 35 0.006825197 0.5864000000000444
591 0.011668132618069649 34 0.011461636982858181 35 0.068416804 0.5857000000000445
592 0.005692918319255114 22 0.0017582254949957132 35 0.062191114 0.5850000000000446
593 0.014185589738190174 35 0.014185589738190174 35 0.11738976 0.5843000000000447
594 0.002125195926055312 28 0.0016947969561442733 35 0.025022844 0.5836000000000447
595 0.001553677604533732 30 0.0003445322799962014 35 0.010442272 0.5829000000000448
596 0.0059075248427689075 35 0.0059075248427689075 35 0.03827015 0.5822000000000449
597 0.0005016564973630011 35 0.0005016564973630011 35 0.0037701922 0.581500000000045
598 0.01240976806730032 33 0.004592678509652615 35 0.14206703 0.5808000000000451
599 0.02023041620850563 33 0.019386405125260353 35 0.14467217 0.5801000000000451
600 0.005676069762557745 25 0.0027587173972278833 35 0.06770541 0.5794000000000452
601 0.01552213728427887 35 0.01552213728427887 35 0.1862938 0.5787000000000453
602 0.03844648599624634 24 0.0030336587224155664 35 0.39750403 0.5780000000000454
603 0.0033946391195058823 35 0.0033946391195058823 35 0.0077888016 0.5773000000000454
604 0.002343063009902835 35 0.002343063009902835 35 0.015247449 0.5766000000000455
605 0.005346278194338083 35 0.005346278194338083 35 0.044751998 0.5759000000000456
606 0.005163902882486582 35 0.005163902882486582 35 0.082923636 0.5752000000000457
607 0.001111431047320366 35 0.001111431047320366 35 0.0050910814 0.5745000000000458
608 0.024521540850400925 34 0.023510167375206947 35 0.04271772 0.5738000000000458
609 0.007702280767261982 31 0.0024869267363101244 35 0.057502132 0.5731000000000459
610 0.02212235890328884 32 0.017721572890877724 35 0.18403134 0.572400000000046
611 0.006519257556647062 34 0.00392330065369606 35 0.033461563 0.5717000000000461
612 0.0021776058711111546 35 0.0021776058711111546 35 0.01678933 0.5710000000000461
613 0.005498581565916538 35 0.005498581565916538 35 0.047678214 0.5703000000000462
614 0.0006519149173982441 20 0.00030694869928993285 35 0.011510015 0.5696000000000463
615 0.010526149533689022 34 0.009133672341704369 35 0.07612047 0.5689000000000464
616 0.002391548827290535 35 0.002391548827290535 35 0.03600382 0.5682000000000464
617 0.0011028528679162264 25 0.00012162921484559774 35 0.011491832 0.5675000000000465
618 0.016481637954711914 35 0.016481637954711914 35 0.12084757 0.5668000000000466
619 0.004244619980454445 17 6.851582293165848e-05 35 0.047337897 0.5661000000000467
620 0.006675724405795336 35 0.006675724405795336 35 0.026435327 0.5654000000000468
621 0.0003371722996234894 35 0.0003371722996234894 35 0.0043973667 0.5647000000000468
622 0.006989375688135624 34 0.005796161014586687 35 0.055237588 0.5640000000000469
623 0.013963459059596062 35 0.013963459059596062 35 0.03854952 0.563300000000047
624 0.004274826962500811 35 0.004274826962500811 35 0.04353204 0.5626000000000471
625 0.007010527886450291 28 0.0009961051400750875 35 0.021258345 0.5619000000000471
626 0.005158898886293173 34 0.0040429639630019665 35 0.03785036 0.5612000000000472
627 0.008842124603688717 35 0.008842124603688717 35 0.058400504 0.5605000000000473
628 0.00033322098897770047 35 0.00033322098897770047 35 0.002365455 0.5598000000000474
629 0.002140750177204609 32 0.0018617546884343028 35 0.012317451 0.5591000000000474
630 0.0015755934873595834 35 0.0015755934873595834 35 0.016934171 0.5584000000000475
631 0.012638324871659279 30 0.0014939436223357916 35 0.13545085 0.5577000000000476
632 0.003935469780117273 34 0.0029997925739735365 35 0.069110654 0.5570000000000477
633 0.013641072437167168 35 0.013641072437167168 35 0.13617334 0.5563000000000478
634 0.0033146862406283617 35 0.0033146862406283617 35 0.016421376 0.5556000000000478
635 0.000130922780954279 35 0.000130922780954279 35 0.0011883283 0.5549000000000479
636 0.001742918393574655 34 0.0017313522985205054 35 0.01942193 0.554200000000048
637 0.05750265717506409 30 0.01192374899983406 35 0.27121913 0.5535000000000481
638 0.009620415978133678 34 0.008055447600781918 35 0.04785719 0.5528000000000481
639 0.03230055049061775 27 0.02242729812860489 35 0.4875088 0.5521000000000482
640 0.002688832813873887 35 0.002688832813873887 35 0.018821934 0.5514000000000483
641 0.009309208951890469 35 0.009309208951890469 35 0.030518524 0.5507000000000484
642 0.02481112629175186 35 0.02481112629175186 35 0.21872942 0.5500000000000485
643 0.01227973960340023 29 0.005903550423681736 35 0.14873973 0.5493000000000485
644 0.013505907729268074 32 0.010529231280088425 35 0.016718613 0.5486000000000486
645 0.03319250047206879 29 0.020376423373818398 35 0.2379346 0.5479000000000487
646 0.0018197543686255813 33 0.0009417756809853017 35 0.014253166 0.5472000000000488
647 0.008293584920465946 35 0.008293584920465946 35 0.052760318 0.5465000000000488
648 0.008945568464696407 35 0.008945568464696407 35 0.08455461 0.5458000000000489
649 0.00785550381988287 35 0.00785550381988287 35 0.021014163 0.545100000000049
650 0.003203379223123193 35 0.003203379223123193 35 0.03537339 0.5444000000000491
651 0.09317069500684738 35 0.09317069500684738 35 0.1799419 0.5437000000000491
652 0.0012730775633826852 35 0.0012730775633826852 35 0.02582313 0.5430000000000492
653 0.003559521399438381 35 0.003559521399438381 35 0.018708004 0.5423000000000493
654 0.0077405646443367004 34 0.007488040253520012 35 0.048701935 0.5416000000000494
655 0.009726051241159439 33 0.008308053947985172 35 0.0673905 0.5409000000000495
656 0.002198626985773444 35 0.002198626985773444 35 0.011294971 0.5402000000000495
657 0.007803942076861858 35 0.007803942076861858 35 0.0482343 0.5395000000000496
658 0.004702933132648468 35 0.004702933132648468 35 0.023254389 0.5388000000000497
659 0.0008773088338784873 35 0.0008773088338784873 35 0.008664325 0.5381000000000498
660 0.0022618621587753296 35 0.0022618621587753296 35 0.0070903273 0.5374000000000498
661 0.007870763540267944 26 0.0019662738777697086 35 0.120351434 0.5367000000000499
662 0.0065220738761126995 32 0.0037348689511418343 35 0.0686928 0.53600000000005
663 0.005860831588506699 34 0.005745218601077795 35 0.0018159493 0.5353000000000501
664 0.009135398082435131 25 0.0016872250707820058 35 0.11412637 0.5346000000000501
665 0.043489258736371994 35 0.043489258736371994 35 0.24109957 0.5339000000000502
666 0.13497930765151978 35 0.13497930765151978 35 437.2438 0.5332000000000503
667 0.038932569324970245 32 0.025716708973050117 35 0.19443601 0.5325000000000504
668 0.0007110523874871433 26 1.682464971963782e-05 35 0.007157252 0.5318000000000505
669 0.015557769685983658 35 0.015557769685983658 35 0.14239255 0.5311000000000505
670 0.0036090246867388487 35 0.0036090246867388487 35 0.016964627 0.5304000000000506
671 0.06577867269515991 35 0.06577867269515991 35 0.43191507 0.5297000000000507
672 0.03451019898056984 35 0.03451019898056984 35 0.19557342 0.5290000000000508
673 0.062007736414670944 35 0.062007736414670944 35 437.39514 0.5283000000000508
674 0.0025946232490241528 35 0.0025946232490241528 35 0.009547735 0.5276000000000509
675 0.004294876009225845 35 0.004294876009225845 35 0.012489926 0.526900000000051
676 0.007376599125564098 35 0.007376599125564098 35 0.037906975 0.5262000000000511
677 0.014702318236231804 31 0.0026534427888691425 35 0.13905318 0.5255000000000511
678 0.007342485245317221 34 0.007245373912155628 35 0.075096406 0.5248000000000512
679 0.0036332400050014257 35 0.0036332400050014257 35 0.009076103 0.5241000000000513
680 0.040498387068510056 35 0.040498387068510056 35 0.055834346 0.5234000000000514
681 0.028649259358644485 29 0.012650955468416214 35 0.42835933 0.5227000000000515
682 0.002742612035945058 21 0.0007418874301947653 35 0.03176643 0.5220000000000515
683 0.00775401433929801 31 0.004052227362990379 35 0.12752448 0.5213000000000516
684 0.0014316100860014558 34 0.0013506567338481545 35 0.013589197 0.5206000000000517
685 0.0025339024141430855 34 0.0012935332488268614 35 0.009448785 0.5199000000000518
686 0.02650206722319126 35 0.02650206722319126 35 0.13055436 0.5192000000000518
687 0.030282407999038696 30 0.023326121270656586 35 0.21996996 0.5185000000000519
688 0.057868167757987976 35 0.057868167757987976 35 0.26124987 0.517800000000052
689 0.01793518289923668 24 0.012075495906174183 35 0.19247746 0.5171000000000521
690 0.031008955091238022 29 0.029102452099323273 35 0.40358657 0.5164000000000522
691 0.00098827772308141 29 0.0002229218080174178 35 0.005683808 0.5157000000000522
692 0.000563108129426837 35 0.000563108129426837 35 0.0023096215 0.5150000000000523
693 0.0028862792532891035 31 0.0024687419645488262 35 0.007776047 0.5143000000000524
694 0.030484236776828766 35 0.030484236776828766 35 0.17940874 0.5136000000000525
695 0.08583424240350723 35 0.08583424240350723 35 0.17370887 0.5129000000000525
696 0.028514977544546127 35 0.028514977544546127 35 0.024626063 0.5122000000000526
697 0.009981843642890453 35 0.009981843642890453 35 0.037631802 0.5115000000000527
698 0.008262557908892632 33 0.00564701808616519 35 0.051541746 0.5108000000000528
699 0.08268330991268158 35 0.08268330991268158 35 852.5294 0.5101000000000528
700 0.0015107664512470365 27 0.0004673615621868521 35 0.02170089 0.5094000000000529
701 0.0057779401540756226 35 0.0057779401540756226 35 0.045272313 0.508700000000053
702 0.0015119662275537848 25 0.0013512446312233806 35 0.012054552 0.5080000000000531
703 0.035771869122982025 35 0.035771869122982025 35 0.21235327 0.5073000000000532
704 0.0026633599773049355 32 0.0024481876753270626 35 0.049427513 0.5066000000000532
705 0.002041457686573267 35 0.002041457686573267 35 0.03094651 0.5059000000000533
706 0.002207782818004489 35 0.002207782818004489 35 0.013699883 0.5052000000000534
707 0.0036097802221775055 33 0.003172786207869649 35 0.009045783 0.5045000000000535
708 0.02987791784107685 35 0.02987791784107685 35 0.15114824 0.5038000000000535
709 0.0030544979963451624 35 0.0030544979963451624 35 0.019695781 0.5031000000000536
710 0.004218951798975468 35 0.004218951798975468 35 0.014121837 0.5024000000000537
711 0.025876400992274284 35 0.025876400992274284 35 0.07756531 0.5017000000000538
712 0.00398469902575016 35 0.00398469902575016 35 0.025527399 0.5010000000000538
713 0.019539954140782356 32 0.014033026993274689 35 0.042114872 0.5003000000000539
714 0.024042805656790733 35 0.024042805656790733 35 0.13333866 0.499600000000054
715 0.016470570117235184 35 0.016470570117235184 35 0.10321164 0.4989000000000541
716 0.022925490513443947 31 0.0012809071922674775 35 0.1712816 0.49820000000005416
717 0.001852528192102909 33 0.0016391457756981254 35 0.009478396 0.49750000000005423
718 0.006415815092623234 35 0.006415815092623234 35 0.033575106 0.4968000000000543
719 0.00048451038310304284 35 0.00048451038310304284 35 0.0083752405 0.4961000000000544
720 0.0006694019539281726 35 0.0006694019539281726 35 0.009450316 0.49540000000005446
721 0.007449348457157612 33 0.006651696283370256 35 0.179445 0.49470000000005454
722 7.758731953799725e-05 35 7.758731953799725e-05 35 0.0006476865 0.4940000000000546
723 0.03014090098440647 31 0.005417224019765854 35 0.20343837 0.4933000000000547
724 0.003971347119659185 35 0.003971347119659185 35 0.0125572495 0.49260000000005477
725 0.021750686690211296 30 0.004112395457923412 35 0.066709474 0.49190000000005485
726 0.024802036583423615 30 0.0017692095134407282 35 0.22174178 0.4912000000000549
727 0.001847923151217401 29 0.0015920407604426146 35 0.010806244 0.490500000000055
728 0.0008584656752645969 35 0.0008584656752645969 35 0.004520649 0.4898000000000551
729 0.011059465818107128 35 0.011059465818107128 35 0.042790204 0.48910000000005516
730 0.0002491860359441489 32 0.00012114863784518093 35 0.007228827 0.48840000000005523
731 0.004402703605592251 30 0.0004615842772182077 35 0.03403348 0.4877000000000553
732 0.000995925161987543 31 0.0003397327964194119 35 0.0055088904 0.4870000000000554
733 0.004037992097437382 30 0.0012216053437441587 35 0.045861237 0.48630000000005547
734 0.0309197548776865 34 0.026278413832187653 35 0.35998496 0.48560000000005554
735 0.027395231649279594 32 0.010843237861990929 35 0.17000394 0.4849000000000556
736 0.005663338117301464 35 0.005663338117301464 35 0.029603349 0.4842000000000557
737 0.1845797449350357 33 0.18353813886642456 35 2333.767 0.4835000000000558
738 0.007810794748365879 32 0.006876177154481411 35 0.05724407 0.48280000000005585
739 0.0063656833954155445 26 0.00012330440222285688 35 0.11539932 0.48210000000005593
740 0.0011744927614927292 24 0.0009833972435444593 35 0.035432834 0.481400000000056
741 0.05136917531490326 28 0.00048039405373856425 35 0.7485026 0.4807000000000561
742 0.0045522782020270824 35 0.0045522782020270824 35 0.0036606696 0.48000000000005616
743 0.0015129699604585767 34 0.0010232498170807958 35 0.005983719 0.47930000000005624
744 0.0038251266814768314 34 0.0033784080296754837 35 0.02323271 0.4786000000000563
745 0.056182611733675 24 0.01704641990363598 35 0.7078306 0.4779000000000564
746 0.005263753701001406 24 0.0027917802799493074 35 0.095298685 0.47720000000005647
747 0.09741391986608505 34 0.0931164100766182 35 2543.7703 0.47650000000005654
748 0.014183638617396355 35 0.014183638617396355 35 0.045044288 0.4758000000000566
749 0.024066060781478882 35 0.024066060781478882 35 0.09415473 0.4751000000000567
750 0.010728352703154087 35 0.010728352703154087 35 0.07980325 0.4744000000000568
751 0.16616080701351166 35 0.16616080701351166 35 0.65020573 0.47370000000005685
752 0.03927096351981163 32 0.026920180767774582 35 0.26601928 0.47300000000005693
753 0.08639112114906311 32 0.07321640104055405 35 1462.0177 0.472300000000057
754 0.004818224813789129 35 0.004818224813789129 35 0.038324017 0.4716000000000571
755 0.06300278753042221 35 0.06300278753042221 35 0.40461475 0.47090000000005716
756 0.03457728400826454 35 0.03457728400826454 35 0.6601355 0.47020000000005724
757 0.0042825257405638695 35 0.0042825257405638695 35 0.013045869 0.4695000000000573
758 0.004042775835841894 35 0.004042775835841894 35 0.016941948 0.4688000000000574
759 0.20609910786151886 29 0.05810929089784622 35 6370.1807 0.46810000000005747
760 0.0020609505008906126 35 0.0020609505008906126 35 0.006318931 0.46740000000005755
761 0.006212286185473204 34 0.005992287304252386 35 0.046119094 0.4667000000000576
762 0.0715482085943222 31 0.06887473165988922 35 536.9685 0.4660000000000577
763 0.055903516709804535 24 0.04126032069325447 35 0.5754007 0.4653000000000578
764 0.0076774307526648045 35 0.0076774307526648045 35 0.03220328 0.46460000000005786
765 0.0029597401153296232 26 0.0013675065711140633 35 0.07811663 0.46390000000005793
766 0.07139793038368225 35 0.07139793038368225 35 0.19456482 0.463200000000058
767 0.023936675861477852 27 0.007057525217533112 35 0.043269128 0.4625000000000581
768 0.014111028052866459 20 0.0068058958277106285 35 0.21938142 0.46180000000005816
769 0.026844820007681847 31 0.00476169865578413 35 0.17022492 0.46110000000005824
770 0.000970334280282259 23 0.0006314596394076943 35 0.014963942 0.4604000000000583
771 0.09287668764591217 35 0.09287668764591217 35 0.20109177 0.4597000000000584
772 0.05888926982879639 27 0.04387490823864937 35 1.3523154 0.4590000000000585
773 0.008823113515973091 31 0.008262296207249165 35 0.12711385 0.45830000000005855
774 0.05451783537864685 31 0.020704345777630806 35 0.11483757 0.4576000000000586
775 0.03057114966213703 35 0.03057114966213703 35 0.23912664 0.4569000000000587
776 0.0003867987834382802 21 1.4715644283569418e-05 35 0.007203014 0.4562000000000588
777 0.01457278337329626 26 0.0005714460858143866 35 0.2457722 0.45550000000005886
778 0.0019134555477648973 24 0.0012824167497456074 35 0.017461903 0.45480000000005893
779 0.00703436229377985 35 0.00703436229377985 35 0.049903348 0.454100000000059
780 0.005780323874205351 30 0.003556356765329838 35 0.07117467 0.4534000000000591
781 0.01063370332121849 33 0.004785954486578703 35 0.07633383 0.45270000000005917
782 0.019845791161060333 30 0.013822201639413834 35 0.047218576 0.45200000000005924
783 0.003188094589859247 34 0.003114452352747321 35 0.018311415 0.4513000000000593
784 0.04059353470802307 30 0.023618897423148155 35 0.41591597 0.4506000000000594
785 0.09732159227132797 35 0.09732159227132797 35 852.63666 0.4499000000000595
786 0.004905531648546457 23 0.0013836220605298877 35 0.055151004 0.44920000000005955
787 0.019701963290572166 25 0.010100538842380047 35 0.14744648 0.44850000000005963
788 0.018242521211504936 35 0.018242521211504936 35 0.17554612 0.4478000000000597
789 0.10559993237257004 34 0.07243015617132187 35 897.4497 0.4471000000000598
790 0.0027252896688878536 25 5.083809810457751e-05 35 0.03016704 0.44640000000005986
791 0.005055651068687439 31 0.00045733453589491546 35 0.029327948 0.44570000000005994
792 0.012076791375875473 35 0.012076791375875473 35 0.012369588 0.44500000000006
793 0.0034281506668776274 28 0.0022504348307847977 35 0.021510448 0.4443000000000601
794 0.44940313696861267 33 0.4136712849140167 35 9139.381 0.44360000000006017
795 0.07081182301044464 35 0.07081182301044464 35 0.3531919 0.44290000000006025
796 0.04416961967945099 35 0.04416961967945099 35 0.34991497 0.4422000000000603
797 0.007859576493501663 35 0.007859576493501663 35 0.036445938 0.4415000000000604
798 0.008159318938851357 35 0.008159318938851357 35 0.060227882 0.4408000000000605
799 0.011815707199275494 35 0.011815707199275494 35 0.07369427 0.44010000000006055
800 0.003670919220894575 33 0.003158602397888899 35 0.044086818 0.43940000000006063
801 0.001909530838020146 30 0.0007556717027910054 35 0.013298839 0.4387000000000607
802 0.011134344153106213 35 0.011134344153106213 35 0.07339321 0.4380000000000608
803 0.004665679298341274 35 0.004665679298341274 35 0.017021963 0.43730000000006086
804 0.002338956343010068 35 0.002338956343010068 35 0.015253884 0.43660000000006094
805 0.13095517456531525 28 0.04173727706074715 35 3138.0159 0.435900000000061
806 0.0015985952923074365 20 0.0006479657022282481 35 0.012957559 0.4352000000000611
807 0.002140725264325738 24 8.918239473132417e-05 35 0.017238086 0.43450000000006117
808 0.009186393581330776 35 0.009186393581330776 35 0.007789501 0.43380000000006125
809 0.0012584690703079104 31 0.00030105176847428083 35 0.0054355455 0.4331000000000613
810 0.0025919906329363585 33 0.002131630200892687 35 0.02141917 0.4324000000000614
811 0.002339639700949192 31 0.00019313815573696047 35 0.022597887 0.4317000000000615
812 0.0034627218265086412 31 0.0007263271836563945 35 0.014050448 0.43100000000006156
813 0.0004222561256028712 34 0.00038353545824065804 35 0.0031732786 0.43030000000006163
814 0.02612929791212082 35 0.02612929791212082 35 0.051543787 0.4296000000000617
815 0.004633394069969654 34 0.004483528435230255 35 0.09263001 0.4289000000000618
816 0.021500052884221077 35 0.021500052884221077 35 0.07467043 0.42820000000006186
817 0.0004638215177692473 35 0.0004638215177692473 35 0.0065933657 0.42750000000006194
818 0.001099155517295003 35 0.001099155517295003 35 0.009538082 0.426800000000062
819 0.02019725739955902 33 0.015806734561920166 35 0.123301595 0.4261000000000621
820 0.06661958992481232 34 0.06556807458400726 35 460.37375 0.4254000000000622
821 0.040772609412670135 35 0.040772609412670135 35 0.29431492 0.42470000000006225
822 0.061541371047496796 35 0.061541371047496796 35 0.19555798 0.4240000000000623
823 0.010780018754303455 30 0.0030022435821592808 35 0.07254189 0.4233000000000624
824 0.004517785273492336 24 0.004297041334211826 35 0.074044146 0.4226000000000625
825 0.03368395194411278 30 0.022356372326612473 35 0.3376292 0.42190000000006256
826 0.009420367889106274 35 0.009420367889106274 35 0.08787273 0.42120000000006264
827 0.0003220181097276509 35 0.0003220181097276509 35 0.0016760756 0.4205000000000627
828 0.013407664373517036 35 0.013407664373517036 35 0.058462266 0.4198000000000628
829 0.0020376918837428093 33 0.0017561637796461582 35 0.0132166445 0.41910000000006287
830 0.01961812563240528 35 0.01961812563240528 35 0.07190986 0.41840000000006294
831 0.03638213500380516 35 0.03638213500380516 35 0.11218852 0.417700000000063
832 0.004145996179431677 31 0.0032251656521111727 35 0.028347986 0.4170000000000631
833 0.006429438013583422 35 0.006429438013583422 35 0.014778949 0.4163000000000632
834 0.022890591993927956 33 0.019071707502007484 35 0.216509 0.41560000000006325
835 0.02473088726401329 35 0.02473088726401329 35 0.011012692 0.41490000000006333
836 0.0008344243397004902 35 0.0008344243397004902 35 0.0026289392 0.4142000000000634
837 1.0483115147508215e-05 32 8.725701263756491e-06 35 0.00027936738 0.4135000000000635
838 0.0004222218703944236 33 0.0002949416812043637 35 0.0045393384 0.41280000000006356
839 0.001587896142154932 35 0.001587896142154932 35 0.0041587576 0.41210000000006364
840 0.00042063932050950825 28 0.00015872408403083682 35 0.0039948463 0.4114000000000637
841 0.004327412694692612 32 0.003126307390630245 35 0.05025093 0.4107000000000638
842 0.00360117363743484 35 0.00360117363743484 35 0.08652326 0.41000000000006387
843 0.0032174449879676104 34 0.003038441063836217 35 0.017895892 0.40930000000006395
844 0.011609065346419811 33 0.011385919526219368 35 0.051495373 0.408600000000064
845 0.011605947278439999 31 0.003012886503711343 35 0.029314663 0.4079000000000641
846 0.008656270802021027 35 0.008656270802021027 35 0.024216749 0.4072000000000642
847 0.00192761339712888 24 0.00023391959257423878 35 0.035942163 0.40650000000006425
848 0.10071444511413574 33 0.05607490614056587 35 0.1412913 0.40580000000006433
849 0.007748822215944529 35 0.007748822215944529 35 0.05799937 0.4051000000000644
850 0.006929897703230381 28 0.002142414217814803 35 0.05726392 0.4044000000000645
851 0.0003419799613766372 20 0.00012395546946208924 35 0.0063670594 0.40370000000006456
852 0.0741620808839798 28 0.05819620192050934 35 6485.4995 0.40300000000006464
853 0.0018375109648332 34 0.0017973874928429723 35 0.0256379 0.4023000000000647
854 0.0816367119550705 33 0.0616217665374279 35 1381.7292 0.4016000000000648
855 0.009643296711146832 35 0.009643296711146832 35 0.05302312 0.40090000000006487
856 0.0010881719645112753 35 0.0010881719645112753 35 0.013160027 0.40020000000006495
857 0.0043321773409843445 29 0.0014489006716758013 35 0.020321231 0.399500000000065
858 0.00898909755051136 35 0.00898909755051136 35 0.09659678 0.3988000000000651
859 3.991933408542536e-05 16 2.1124660634086467e-05 35 0.0005302684 0.3981000000000652
860 0.0038971633184701204 35 0.0038971633184701204 35 0.016773812 0.39740000000006526
861 0.034747764468193054 35 0.034747764468193054 35 0.24026161 0.39670000000006533
862 0.004155394155532122 35 0.004155394155532122 35 0.032274224 0.3960000000000654
863 0.004755521658807993 35 0.004755521658807993 35 0.06448424 0.3953000000000655
864 0.021733170375227928 34 0.021526994183659554 35 0.24673177 0.39460000000006556
865 0.0027636790182441473 35 0.0027636790182441473 35 0.008415235 0.39390000000006564
866 0.002415407681837678 35 0.002415407681837678 35 0.024762344 0.3932000000000657
867 0.0002474126813467592 33 0.0001891043211799115 35 0.0058534867 0.3925000000000658
868 0.0017249726224690676 35 0.0017249726224690676 35 0.00092309015 0.3918000000000659
869 0.0008776726317591965 27 0.0007966693956404924 35 0.0039056374 0.39110000000006595
870 0.15544776618480682 35 0.15544776618480682 35 0.17495267 0.390400000000066
871 0.002515641739591956 35 0.002515641739591956 35 0.017554339 0.3897000000000661
872 0.00031024235067889094 23 8.656102181703318e-06 35 0.0016767291 0.3890000000000662
873 7.216014637378976e-05 30 2.1882311557419598e-05 35 0.0009827445 0.38830000000006626
874 0.0015940816374495625 26 0.0006061397725716233 35 0.010359748 0.38760000000006634
875 0.00472241872921586 34 0.004588733892887831 35 0.007794291 0.3869000000000664
876 0.0011375905014574528 35 0.0011375905014574528 35 0.00413179 0.3862000000000665
877 0.0004719714925158769 35 0.0004719714925158769 35 0.0034939651 0.38550000000006657
878 0.002805243944749236 30 0.000542537251021713 35 0.02142592 0.38480000000006664
879 0.0030491906218230724 35 0.0030491906218230724 35 0.0094007375 0.3841000000000667
880 0.0028898706659674644 30 0.0017757783643901348 35 0.038302477 0.3834000000000668
881 0.044642429798841476 31 0.021880440413951874 35 0.46697646 0.3827000000000669
882 0.01505022682249546 35 0.01505022682249546 35 0.072561674 0.38200000000006695
883 0.029366012662649155 22 0.004913576878607273 35 0.4357394 0.38130000000006703
884 0.021372759714722633 34 0.018865766003727913 35 0.19228928 0.3806000000000671
885 0.005186344496905804 23 0.0019214869244024158 35 0.10165488 0.3799000000000672
886 0.04653380066156387 35 0.04653380066156387 35 0.25526837 0.37920000000006726
887 0.007396125700324774 27 0.0007658856338821352 35 0.1506616 0.37850000000006734
888 0.08997539430856705 35 0.08997539430856705 35 852.447 0.3778000000000674
889 0.0012860975693911314 30 0.0008165717590600252 35 0.016894879 0.3771000000000675
890 0.002736800815910101 35 0.002736800815910101 35 0.017304542 0.37640000000006757
891 0.022761864587664604 35 0.022761864587664604 35 0.18312284 0.37570000000006765
892 0.0735141783952713 35 0.0735141783952713 35 415.8735 0.3750000000000677
893 0.06106331944465637 35 0.06106331944465637 35 1312.9403 0.3743000000000678
894 0.0019060359336435795 20 0.0003077489964198321 35 0.026830353 0.3736000000000679
895 0.014943511225283146 30 0.0032497101929038763 35 0.0590682 0.37290000000006795
896 0.08311586827039719 35 0.08311586827039719 35 0.4908316 0.37220000000006803
897 0.01877681538462639 27 0.0027192498091608286 35 0.07403678 0.3715000000000681
898 0.005151841789484024 32 0.0025425548665225506 35 0.0598537 0.3708000000000682
899 0.0023193859960883856 35 0.0023193859960883856 35 0.0030096602 0.37010000000006826
900 0.00436014961451292 35 0.00436014961451292 35 0.020174896 0.36940000000006834
901 0.19559937715530396 26 0.059922199696302414 35 2930.3325 0.3687000000000684
902 0.0006495083798654377 22 0.00019159569637849927 35 0.009933 0.3680000000000685
903 0.008775757625699043 33 0.006545084062963724 35 0.009706593 0.36730000000006857
904 0.0007796153076924384 28 0.0006390127236954868 35 0.011169434 0.36660000000006865
905 0.007101734168827534 33 0.004664402920752764 35 0.041330878 0.3659000000000687
906 0.0012354761129245162 35 0.0012354761129245162 35 0.018677237 0.3652000000000688
907 0.03686532750725746 29 0.004138231743127108 35 0.019278236 0.3645000000000689
908 0.022738231346011162 35 0.022738231346011162 35 0.14237839 0.36380000000006896
909 0.005020821001380682 34 0.002938588848337531 35 0.052981805 0.36310000000006903
910 0.0029808897525072098 25 0.002180560026317835 35 0.0045553194 0.3624000000000691
911 0.0002959213743451983 33 0.0002417078212602064 35 0.0021188916 0.3617000000000692
912 0.014080766588449478 33 0.013757755979895592 35 0.027748391 0.36100000000006927
913 0.02935143932700157 26 0.0021431702189147472 35 0.29191136 0.36030000000006934
914 0.00014830793952569366 30 0.00010908739932347089 35 0.0018698054 0.3596000000000694
915 0.014818945899605751 35 0.014818945899605751 35 0.30175367 0.3589000000000695
916 0.0001656894601183012 35 0.0001656894601183012 35 0.0011467199 0.3582000000000696
917 0.031970273703336716 33 0.01888630911707878 35 0.015895542 0.35750000000006965
918 0.0030364985577762127 35 0.0030364985577762127 35 0.022391705 0.35680000000006973
919 0.03373033180832863 35 0.03373033180832863 35 0.033856478 0.3561000000000698
920 0.010600196197628975 25 0.009599287994205952 35 0.116264865 0.3554000000000699
921 0.0015135551802814007 34 0.0013287675101310015 35 0.010412891 0.35470000000006996
922 0.0010459281038492918 24 0.00045953079825267196 35 0.010659438 0.35400000000007004
923 0.0009470690274611115 33 0.0006884949980303645 35 0.005322085 0.3533000000000701
924 0.006120361853390932 28 0.0005385292461141944 35 0.05295597 0.3526000000000702
925 0.2823731601238251 35 0.2823731601238251 35 2306.7622 0.35190000000007027
926 0.07196374982595444 35 0.07196374982595444 35 694.4261 0.35120000000007034
927 0.05180894583463669 33 0.04271053895354271 35 0.22678748 0.3505000000000704
928 0.0016207568114623427 35 0.0016207568114623427 35 0.009222359 0.3498000000000705
929 0.01219107210636139 34 0.01157443132251501 35 0.07434592 0.3491000000000706
930 0.17565718293190002 33 0.12507200241088867 35 3408.0815 0.34840000000007065
931 0.07998593151569366 35 0.07998593151569366 35 852.5121 0.34770000000007073
932 0.020698120817542076 33 0.02056257426738739 35 0.19087036 0.3470000000000708
933 0.00204846472479403 22 0.000940043362788856 35 0.022272363 0.3463000000000709
934 0.003016083501279354 35 0.003016083501279354 35 0.0057380917 0.34560000000007096
935 0.02871980518102646 34 0.028596514835953712 35 0.36575228 0.34490000000007104
936 0.012761212885379791 35 0.012761212885379791 35 0.13335729 0.3442000000000711
937 0.04141734540462494 33 0.03047589212656021 35 0.179157 0.3435000000000712
938 0.039162296801805496 35 0.039162296801805496 35 0.33611366 0.34280000000007127
939 0.0008080314728431404 30 0.00038946454878896475 35 0.012607333 0.34210000000007135
940 0.11736536026000977 35 0.11736536026000977 35 875.6137 0.3414000000000714
941 0.2895684242248535 35 0.2895684242248535 35 4002.6697 0.3407000000000715
942 0.0008726724772714078 35 0.0008726724772714078 35 0.004724075 0.3400000000000716
943 0.007901114411652088 35 0.007901114411652088 35 0.010877792 0.33930000000007166
944 0.03877251595258713 35 0.03877251595258713 35 0.17393053 0.33860000000007173
945 0.0004251319624017924 35 0.0004251319624017924 35 0.00425633 0.3379000000000718
946 0.11971642822027206 32 0.10202501714229584 35 0.36807647 0.3372000000000719
947 0.04598284512758255 35 0.04598284512758255 35 0.1649199 0.33650000000007196
948 0.07849476486444473 35 0.07849476486444473 35 0.15599081 0.33580000000007204
949 0.007290270645171404 28 0.0019363055471330881 35 0.11722915 0.3351000000000721
950 0.009382321499288082 34 0.009260770864784718 35 0.033103697 0.3344000000000722
951 0.0006404462619684637 35 0.0006404462619684637 35 0.0039868793 0.33370000000007227
952 0.014239663258194923 25 0.005572672002017498 35 0.22511595 0.33300000000007235
953 0.04025774449110031 35 0.04025774449110031 35 0.19180286 0.3323000000000724
954 0.010046699084341526 35 0.010046699084341526 35 0.05154741 0.3316000000000725
955 0.019177384674549103 34 0.01830419711768627 35 0.057499863 0.3309000000000726
956 0.014398704282939434 33 0.011819727718830109 35 0.12930189 0.33020000000007266
957 0.0002548100892454386 35 0.0002548100892454386 35 0.0022977898 0.32950000000007273
958 0.0072538722306489944 35 0.0072538722306489944 35 0.025245449 0.3288000000000728
959 0.0009038209682330489 28 1.3831227988703176e-05 35 0.0010900084 0.3281000000000729
960 0.019471487030386925 30 0.0194088164716959 35 0.058427643 0.32740000000007297
961 0.005715065635740757 34 0.004492107313126326 35 0.061564855 0.32670000000007304
962 0.01134636253118515 35 0.01134636253118515 35 0.038543962 0.3260000000000731
963 0.009375602006912231 35 0.009375602006912231 35 0.1230326 0.3253000000000732
964 0.0005949512124061584 35 0.0005949512124061584 35 0.0065499977 0.3246000000000733
965 0.22716431319713593 35 0.22716431319713593 35 4450.3228 0.32390000000007335
966 0.005475975573062897 35 0.005475975573062897 35 0.050167292 0.32320000000007343
967 0.01769176498055458 35 0.01769176498055458 35 0.027724462 0.3225000000000735
968 0.028450727462768555 35 0.028450727462768555 35 0.05242684 0.3218000000000736
969 0.0123953428119421 26 0.001928057405166328 35 0.028334804 0.32110000000007366
970 0.003391958773136139 25 0.002368312794715166 35 0.053607482 0.32040000000007374
971 0.05829571560025215 35 0.05829571560025215 35 415.6603 0.3197000000000738
972 0.02120429091155529 35 0.02120429091155529 35 0.034881838 0.3190000000000739
973 0.04733973369002342 35 0.04733973369002342 35 0.06378148 0.31830000000007397
974 0.07067102938890457 33 0.04498112574219704 35 1381.6002 0.31760000000007405
975 0.005653131287544966 35 0.005653131287544966 35 0.059344694 0.3169000000000741
976 0.0004345168126747012 35 0.0004345168126747012 35 0.0064154514 0.3162000000000742
977 0.0966513529419899 32 0.08497489243745804 35 0.25448945 0.3155000000000743
978 0.006348645314574242 34 0.006194176618009806 35 0.006254004 0.31480000000007435
979 0.015080755576491356 35 0.015080755576491356 35 0.063763335 0.31410000000007443
980 0.0011611010413616896 35 0.0011611010413616896 35 0.009334954 0.3134000000000745
981 0.003620423376560211 32 0.0024471557699143887 35 0.032716393 0.3127000000000746
982 0.03311280906200409 32 0.027924248948693275 35 0.38777035 0.31200000000007466
983 0.01154150627553463 35 0.01154150627553463 35 0.038670793 0.31130000000007474
984 0.118270143866539 35 0.118270143866539 35 415.46585 0.3106000000000748
985 0.01335503626614809 35 0.01335503626614809 35 0.04991415 0.3099000000000749
986 0.008027867414057255 28 0.006271354388445616 35 0.026401166 0.30920000000007497
987 0.006534049287438393 35 0.006534049287438393 35 0.021416416 0.30850000000007505
988 0.0006338598323054612 35 0.0006338598323054612 35 0.0025219775 0.3078000000000751
989 0.030143944546580315 35 0.030143944546580315 35 0.1080494 0.3071000000000752
990 0.016124624758958817 30 0.006871399469673634 35 0.27004322 0.3064000000000753
991 0.004743617959320545 35 0.004743617959320545 35 0.06566553 0.30570000000007536
992 0.006927982438355684 35 0.006927982438355684 35 0.021745332 0.30500000000007543
993 0.03796566277742386 35 0.03796566277742386 35 0.23059197 0.3043000000000755
994 0.006526665296405554 35 0.006526665296405554 35 0.0060370406 0.3036000000000756
995 0.014915565960109234 26 0.0002435819333186373 35 0.26192364 0.30290000000007566
996 0.008032375015318394 31 0.005782419815659523 35 0.08860132 0.30220000000007574
997 0.14283812046051025 35 0.14283812046051025 35 0.17698555 0.3015000000000758
998 0.010626183822751045 24 0.0006101796752773225 35 0.17984739 0.3008000000000759
999 0.2363852560520172 34 0.22007615864276886 35 3776.3228 0.300100000000076
