0 0.0016347015043720603 35 0.0016347015043720603 35 0.012161559148939828 0.99
1 0.048474542796611786 35 0.048474542796611786 35 0.14219895708159064 0.99
2 0.0018315071938559413 35 0.0018315071938559413 35 0.012953910462932173 0.99
3 0.0004194776702206582 25 0.0001999241067096591 35 0.0038376722250721314 0.99
4 0.00013106403639540076 31 2.311525804543635e-06 35 0.0018160589176913898 0.99
5 0.0021449958439916372 35 0.0021449958439916372 35 0.02068216007568764 0.99
6 0.004684656858444214 35 0.004684656858444214 35 0.0716608364845611 0.99
7 0.022212056443095207 35 0.022212056443095207 35 0.1652483199847609 0.99
8 0.002451712731271982 35 0.002451712731271982 35 0.014609499233283694 0.99
9 0.0024442996364086866 26 0.0008426916319876909 35 0.03578696466560317 0.99
10 0.009866109117865562 35 0.009866109117865562 35 0.0700731703041332 0.99
11 0.010174045339226723 29 0.004908600822091103 35 0.05540743855343137 0.99
12 0.0013619353994727135 33 0.0007904923986643553 35 0.008343357232776679 0.99
13 0.018766134977340698 35 0.018766134977340698 35 0.17085081921856402 0.99
14 0.008740774355828762 35 0.008740774355828762 35 0.05480703484667884 0.9896
15 0.0033700724598020315 21 0.0010170965688303113 35 0.04655848711638036 0.9889000000000001
16 0.0043526459485292435 34 0.0037881419993937016 35 0.02540604408995587 0.9882000000000002
17 0.008202999830245972 35 0.008202999830245972 35 0.020753929865239246 0.9875000000000003
18 0.00024325621780008078 29 1.6469812180730514e-05 35 0.0010950554346904208 0.9868000000000003
19 0.0004591575707308948 19 0.0003529983223415911 35 0.007376099570231708 0.9861000000000004
20 0.005488920956850052 35 0.005488920956850052 35 0.008474549458854952 0.9854000000000005
21 0.00014322123024612665 35 0.00014322123024612665 35 0.0020266733979776895 0.9847000000000006
22 0.004464358557015657 35 0.004464358557015657 35 0.04336863453346755 0.9840000000000007
23 0.00043904667836613953 35 0.00043904667836613953 35 0.0007623193356868791 0.9833000000000007
24 0.0020385112147778273 35 0.0020385112147778273 35 0.035407576940896884 0.9826000000000008
25 0.00027018290711566806 25 2.8533067961689085e-05 35 0.003924152181591572 0.9819000000000009
26 0.004547817632555962 35 0.004547817632555962 35 0.005331344562869997 0.981200000000001
27 0.028014590963721275 35 0.028014590963721275 35 0.2965028071841675 0.980500000000001
28 0.0025973180308938026 28 0.0007263288134709001 35 0.007210579913790547 0.9798000000000011
29 0.004864479415118694 33 0.0013660771073773503 35 0.04176260848933704 0.9791000000000012
30 0.004686824977397919 33 0.001313157961703837 35 0.017039621998449536 0.9784000000000013
31 0.0038153226487338543 32 0.0029025112744420767 35 0.0212371156653336 0.9777000000000013
32 0.0007799135055392981 32 0.0006655049510300159 35 0.009520537985970216 0.9770000000000014
33 0.0071814414113759995 33 0.0063132126815617085 35 0.0905998456360286 0.9763000000000015
34 0.00021452906366903335 34 0.00020789210975635797 35 0.007396760995628988 0.9756000000000016
35 0.029886983335018158 25 0.011284534819424152 35 0.304086490925889 0.9749000000000017
36 0.007529146037995815 35 0.007529146037995815 35 0.05476378466763362 0.9742000000000017
37 0.0010498340707272291 28 2.1896288671996444e-05 35 0.0038689685232672967 0.9735000000000018
38 0.00016926451644394547 35 0.00016926451644394547 35 0.0009358692453985425 0.9728000000000019
39 0.008864941075444221 34 0.007607341278344393 35 0.027110766633049715 0.972100000000002
40 0.0035177103709429502 31 0.0022753325756639242 35 0.04121087463733134 0.971400000000002
41 0.0108077023178339 35 0.0108077023178339 35 0.08835490298012132 0.9707000000000021
42 0.02363296039402485 35 0.02363296039402485 35 0.19010763556224136 0.9700000000000022
43 0.0017166667385026813 31 0.0006858414853923023 35 0.009949815662295755 0.9693000000000023
44 0.005979291629046202 35 0.005979291629046202 35 0.030138992553044728 0.9686000000000023
45 0.024753635749220848 30 0.008147076703608036 35 0.10177311277400718 0.9679000000000024
46 0.0007861817139200866 31 0.00012757319200318307 35 0.008811391805676827 0.9672000000000025
47 0.0014841423835605383 29 0.0002857829676941037 35 0.014466971242512248 0.9665000000000026
48 0.003954347223043442 32 0.0031525844242423773 35 0.04210892284546635 0.9658000000000027
49 0.003834398230537772 30 0.0012262148084118962 35 0.022091235104269354 0.9651000000000027
50 0.0008355561294592917 31 0.0003923181793652475 35 0.0016979868512984218 0.9644000000000028
51 0.0040885284543037415 35 0.0040885284543037415 35 0.02781720311774555 0.9637000000000029
52 0.0007555790361948311 35 0.0007555790361948311 35 0.005345952906432501 0.963000000000003
53 0.0014455098425969481 25 0.0008593877428211272 35 0.025648987988633618 0.962300000000003
54 0.025762571021914482 35 0.025762571021914482 35 0.1342983080987444 0.9616000000000031
55 0.0004671551287174225 32 0.0002816083433572203 35 0.004405311700231016 0.9609000000000032
56 0.11863536387681961 35 0.11863536387681961 35 3408.2768514497475 0.9602000000000033
57 0.0044508082792162895 35 0.0044508082792162895 35 0.022597445650072538 0.9595000000000034
58 0.005083998665213585 32 0.0029519861564040184 35 0.0920641958677589 0.9588000000000034
59 0.017979202792048454 35 0.017979202792048454 35 0.07749047809726754 0.9581000000000035
60 0.0007331571541726589 35 0.0007331571541726589 35 0.001117759527961142 0.9574000000000036
61 0.032143328338861465 35 0.032143328338861465 35 0.15142199577954307 0.9567000000000037
62 0.03792302682995796 33 0.033176619559526443 35 0.47017201065206604 0.9560000000000037
63 0.002048306632786989 27 0.0009337352821603417 35 0.032336772939417426 0.9553000000000038
64 0.005588397849351168 35 0.005588397849351168 35 0.051240413727822745 0.9546000000000039
65 0.0010584667325019836 35 0.0010584667325019836 35 0.004780570351915502 0.953900000000004
66 0.006494213826954365 27 0.0008675300050526857 35 0.04385995233812358 0.953200000000004
67 0.012625434435904026 35 0.012625434435904026 35 0.04552012103910396 0.9525000000000041
68 0.0008567972690798342 32 1.7326518673144164e-06 35 0.006811252313540747 0.9518000000000042
69 0.00511450320482254 35 0.00511450320482254 35 0.04478918940584773 0.9511000000000043
70 0.009109352715313435 35 0.009109352715313435 35 0.03599001072363226 0.9504000000000044
71 0.0071190837770700455 32 0.005654994864016771 35 0.03760811428566419 0.9497000000000044
72 0.012923888862133026 35 0.012923888862133026 35 0.06782140644784293 0.9490000000000045
73 0.04349441081285477 35 0.04349441081285477 35 0.24859227196750705 0.9483000000000046
74 0.011530853807926178 35 0.011530853807926178 35 0.05771696686683561 0.9476000000000047
75 0.001217547687701881 24 0.000735182489734143 35 0.014563762977498809 0.9469000000000047
76 0.001985946437343955 31 0.0016509275883436203 35 0.012963939195011546 0.9462000000000048
77 0.008552518673241138 35 0.008552518673241138 35 0.014069442409048108 0.9455000000000049
78 0.0020924871787428856 35 0.0020924871787428856 35 0.007024700814546496 0.944800000000005
79 0.03763488680124283 35 0.03763488680124283 35 0.292272381596577 0.944100000000005
80 0.06882220506668091 35 0.06882220506668091 35 0.021639735941845525 0.9434000000000051
81 0.0744544193148613 35 0.0744544193148613 35 0.21358923333734076 0.9427000000000052
82 0.006071946583688259 35 0.006071946583688259 35 0.002269831762970883 0.9420000000000053
83 0.021731525659561157 35 0.021731525659561157 35 0.18175655733360607 0.9413000000000054
84 0.005485912784934044 33 0.004095729440450668 35 0.049105644652393414 0.9406000000000054
85 0.0004711298970505595 34 0.00043600963545031846 35 0.0018601324732664237 0.9399000000000055
86 0.0003394459199625999 23 0.0002756330941338092 35 0.0024429576758062915 0.9392000000000056
87 0.024503786116838455 35 0.024503786116838455 35 0.08068832801910725 0.9385000000000057
88 0.019913915544748306 32 0.011356902308762074 35 0.13969451506505526 0.9378000000000057
89 0.02187955565750599 22 0.00042676544399000704 35 0.1562125795073483 0.9371000000000058
90 0.00684699509292841 34 0.0024267337284982204 35 0.035309841647584425 0.9364000000000059
91 0.0055899852886796 35 0.0055899852886796 35 0.012948451759135431 0.935700000000006
92 0.006140429526567459 35 0.006140429526567459 35 0.026205196131370533 0.935000000000006
93 0.03193523734807968 33 0.030847987160086632 35 0.26468588336247223 0.9343000000000061
94 6.333347846521065e-05 35 6.333347846521065e-05 35 0.0006714366770518656 0.9336000000000062
95 0.0034624829422682524 35 0.0034624829422682524 35 0.013082188102223962 0.9329000000000063
96 0.01431042980402708 35 0.01431042980402708 35 0.09735864167498465 0.9322000000000064
97 0.027056144550442696 35 0.027056144550442696 35 0.47711765871241946 0.9315000000000064
98 0.003211988601833582 33 0.0027903979644179344 35 0.009932681000826631 0.9308000000000065
99 0.0005869852611795068 35 0.0005869852611795068 35 0.00574235519280405 0.9301000000000066
100 0.001601057592779398 35 0.001601057592779398 35 0.013507264126045894 0.9294000000000067
101 0.0003376597014721483 35 0.0003376597014721483 35 0.0010119393751698502 0.9287000000000067
102 0.001225871848873794 32 0.000292387034278363 35 0.004483784180501065 0.9280000000000068
103 0.03749970346689224 35 0.03749970346689224 35 0.10490045285396625 0.9273000000000069
104 0.0005374604952521622 35 0.0005374604952521622 35 0.007167923091530021 0.926600000000007
105 0.00016466905071865767 29 0.00015214296581689268 35 0.0028133612881243 0.925900000000007
106 0.0004739555879496038 31 0.0001913352170959115 35 0.005166287011034268 0.9252000000000071
107 0.00649386877194047 35 0.00649386877194047 35 0.04478665481037723 0.9245000000000072
108 0.0008201803429983556 31 0.0008092171628959477 35 0.012622161820516528 0.9238000000000073
109 0.005809188820421696 34 0.005683645606040955 35 0.06481792665920501 0.9231000000000074
110 0.06754423677921295 26 0.016195600852370262 35 0.8350601129336745 0.9224000000000074
111 0.0010809770319610834 34 0.001007955288514495 35 0.004703112901461954 0.9217000000000075
112 0.018863236531615257 35 0.018863236531615257 35 0.18010550246347173 0.9210000000000076
113 0.0019391615642234683 35 0.0019391615642234683 35 0.002981223198291837 0.9203000000000077
114 0.0009298388613387942 35 0.0009298388613387942 35 0.0040944190165998935 0.9196000000000077
115 0.0004407340020406991 35 0.0004407340020406991 35 0.002638720962949733 0.9189000000000078
116 0.00574876694008708 34 0.005606154445558786 35 0.028037545739686115 0.9182000000000079
117 0.0016275309026241302 35 0.0016275309026241302 35 0.01624550310059076 0.917500000000008
118 0.013111082836985588 35 0.013111082836985588 35 0.035302165461432326 0.916800000000008
119 0.004079447593539953 30 0.0033311781007796526 35 0.028323551722481303 0.9161000000000081
120 0.020482633262872696 35 0.020482633262872696 35 0.12042498794902812 0.9154000000000082
121 0.03022318333387375 35 0.03022318333387375 35 0.22221705189074747 0.9147000000000083
122 0.013674729503691196 30 0.010084827430546284 35 0.0975983965466522 0.9140000000000084
123 0.00551957031711936 24 0.0010118030477315187 35 0.03967250563899152 0.9133000000000084
124 0.02846963331103325 33 0.01612856425344944 35 0.2555022342553913 0.9126000000000085
125 0.00016503393999300897 35 0.00016503393999300897 35 0.0015158928724925448 0.9119000000000086
126 5.006061110179871e-05 35 5.006061110179871e-05 35 4.30914355915484e-05 0.9112000000000087
127 0.0019337369594722986 35 0.0019337369594722986 35 0.004317667369872318 0.9105000000000087
128 0.001966544659808278 35 0.001966544659808278 35 0.016908586746490553 0.9098000000000088
129 0.021636271849274635 35 0.021636271849274635 35 0.23850053873644755 0.9091000000000089
130 0.019639357924461365 35 0.019639357924461365 35 0.10958825084514279 0.908400000000009
131 0.0005316596361808479 33 0.00018029352941084653 35 0.0012441128903796065 0.907700000000009
132 0.0003507763904053718 28 0.0003281109093222767 35 0.00790195552636878 0.9070000000000091
133 0.0020455187186598778 25 0.0013018768513575196 35 0.049040516274338676 0.9063000000000092
134 0.0029422154184430838 35 0.0029422154184430838 35 0.01211781818331768 0.9056000000000093
135 0.014233293011784554 35 0.014233293011784554 35 0.01574506067369391 0.9049000000000094
136 0.0019554905593395233 25 8.953989163273945e-05 35 0.019439926558838437 0.9042000000000094
137 0.009168989956378937 35 0.009168989956378937 35 0.006136873875373877 0.9035000000000095
138 0.004912502598017454 34 0.004650273825973272 35 0.004332291935449513 0.9028000000000096
139 0.05424413084983826 30 0.04314783960580826 35 0.45323798822960965 0.9021000000000097
140 0.0035840151831507683 34 0.003159468062222004 35 0.004653282266624724 0.9014000000000097
141 0.0030058734118938446 32 0.0011991632636636496 35 0.008244821798860448 0.9007000000000098
142 0.01598861999809742 34 0.015569954179227352 35 0.03481872118712813 0.9000000000000099
143 0.0023812151048332453 32 0.001638906542211771 35 0.008840056382231775 0.89930000000001
144 0.0014986610040068626 35 0.0014986610040068626 35 0.0018304759098697213 0.8986000000000101
145 0.0036510417703539133 35 0.0036510417703539133 35 0.010059161606635815 0.8979000000000101
146 0.0008106396999210119 33 0.0005110971396788955 35 0.011344689449970129 0.8972000000000102
147 0.0072570727206766605 35 0.0072570727206766605 35 0.05225125286239041 0.8965000000000103
148 0.006346861366182566 35 0.006346861366182566 35 0.03310670235776162 0.8958000000000104
149 0.013204843737185001 35 0.013204843737185001 35 0.09098857955410512 0.8951000000000104
150 0.0008056065416894853 34 0.0005069730686955154 35 0.00403969064433547 0.8944000000000105
151 0.00018249322602059692 35 0.00018249322602059692 35 0.0019343635867357211 0.8937000000000106
152 0.16123776137828827 35 0.16123776137828827 35 2843.370558251983 0.8930000000000107
153 0.001183242886327207 35 0.001183242886327207 35 0.005192914139512758 0.8923000000000108
154 0.006234447471797466 32 0.003078211098909378 35 0.023841782613548815 0.8916000000000108
155 0.011687480844557285 28 0.0027445971500128508 35 0.0393303695747305 0.8909000000000109
156 0.00043834245298057795 32 0.0001173677810584195 35 0.0009308118381690504 0.890200000000011
157 0.0026542870327830315 35 0.0026542870327830315 35 0.022954960059480337 0.8895000000000111
158 0.0025093331933021545 32 0.001391800818964839 35 0.02955656160301301 0.8888000000000111
159 0.0012508087093010545 31 0.00016348813369404525 35 0.009720826058548522 0.8881000000000112
160 0.014338431879878044 33 0.008596353232860565 35 0.1325999477447835 0.8874000000000113
161 0.02216148003935814 35 0.02216148003935814 35 0.019409228206416898 0.8867000000000114
162 0.004292880184948444 35 0.004292880184948444 35 0.023683363416402037 0.8860000000000114
163 0.007077648304402828 31 0.002572148572653532 35 0.029772752672995756 0.8853000000000115
164 0.0032138859387487173 35 0.0032138859387487173 35 0.005125212746653172 0.8846000000000116
165 0.0011851211311295629 35 0.0011851211311295629 35 0.0038455060950516986 0.8839000000000117
166 0.0033555489499121904 26 0.0029174811206758022 35 0.059097726497087534 0.8832000000000118
167 0.00444086454808712 35 0.00444086454808712 35 0.004487010749544663 0.8825000000000118
168 0.005491523537784815 33 0.004204456228762865 35 0.05091444106665876 0.8818000000000119
169 0.052897870540618896 35 0.052897870540618896 35 415.46208846696334 0.881100000000012
170 0.0059114075265824795 34 0.003605226054787636 35 0.03270475463527148 0.8804000000000121
171 0.017284739762544632 35 0.017284739762544632 35 0.051389335284537395 0.8797000000000121
172 0.0020940990652889013 24 0.0004947172128595412 35 0.020581603827487225 0.8790000000000122
173 0.0008474389906041324 34 0.00078481191303581 35 0.007686782398199122 0.8783000000000123
174 0.0031911679543554783 32 0.0026221119333058596 35 0.006954342562501288 0.8776000000000124
175 4.918634658679366e-05 32 1.4657878637081012e-05 35 0.0007600438572130335 0.8769000000000124
176 0.01102118007838726 35 0.01102118007838726 35 0.046226708051606405 0.8762000000000125
177 0.0008965285960584879 17 0.0008466201834380627 35 0.0035983410114517438 0.8755000000000126
178 0.0016299835406243801 32 0.00024378098896704614 35 0.006502428470561221 0.8748000000000127
179 0.01427735760807991 33 0.0018458606209605932 35 0.09321833496882546 0.8741000000000128
180 0.0012027183547616005 35 0.0012027183547616005 35 0.004549777998419771 0.8734000000000128
181 0.01402763556689024 34 0.010084946639835835 35 0.046865274229514545 0.8727000000000129
182 0.004087285604327917 35 0.004087285604327917 35 0.0051059038022057465 0.872000000000013
183 0.0002416902279946953 35 0.0002416902279946953 35 0.001766239143386799 0.8713000000000131
184 0.004782468546181917 35 0.004782468546181917 35 0.009651117624662559 0.8706000000000131
185 0.001481931540183723 35 0.001481931540183723 35 0.012650546859247241 0.8699000000000132
186 0.0011994802625849843 35 0.0011994802625849843 35 0.0063645586606751025 0.8692000000000133
187 0.0001604121644049883 31 0.00012394424993544817 35 0.0008635528866720745 0.8685000000000134
188 0.0013099736534059048 30 0.00048036707448773086 35 0.011035906793773819 0.8678000000000134
189 0.0028828138019889593 34 0.0028167234268039465 35 0.018387936736491063 0.8671000000000135
190 0.002717837691307068 27 0.0016409921227023005 35 0.016537121257094115 0.8664000000000136
191 2.660093923623208e-05 30 1.986833922273945e-05 35 0.00043819891019242387 0.8657000000000137
192 0.00040193527820520103 35 0.00040193527820520103 35 0.002771016572984299 0.8650000000000138
193 0.011212283745408058 35 0.011212283745408058 35 0.01381381487250518 0.8643000000000138
194 0.0012501723831519485 33 0.0009635351598262787 35 0.0076460691229804974 0.8636000000000139
195 0.0008649509400129318 35 0.0008649509400129318 35 0.0034670424717541193 0.862900000000014
196 0.0072816405445337296 35 0.0072816405445337296 35 0.05188301420101609 0.8622000000000141
197 0.0016897715395316482 33 0.0016056436579674482 35 0.02956252302423121 0.8615000000000141
198 0.0056512439623475075 35 0.0056512439623475075 35 0.0417223228724575 0.8608000000000142
199 0.0265097226947546 35 0.0265097226947546 35 0.15654900795946694 0.8601000000000143
200 0.005562896374613047 26 0.004745864775031805 35 0.06734685650892125 0.8594000000000144
201 0.004173714201897383 29 0.0009973072446882725 35 0.010885526095251789 0.8587000000000145
202 0.03262992203235626 30 0.03011111542582512 35 0.22042783154399753 0.8580000000000145
203 0.004682594910264015 30 0.0020294934511184692 35 0.016577943579969175 0.8573000000000146
204 0.0007514097378589213 35 0.0007514097378589213 35 0.006082891358643167 0.8566000000000147
205 0.007949485443532467 35 0.007949485443532467 35 0.06787267168174536 0.8559000000000148
206 0.0019115954637527466 35 0.0019115954637527466 35 0.005275468452241848 0.8552000000000148
207 0.0023847841657698154 35 0.0023847841657698154 35 0.01285736952130744 0.8545000000000149
208 0.005162461195141077 35 0.005162461195141077 35 0.013784488916448671 0.853800000000015
209 0.01381045114248991 35 0.01381045114248991 35 0.05458291890330069 0.8531000000000151
210 0.056183427572250366 35 0.056183427572250366 35 0.08943328674985224 0.8524000000000151
211 0.0005862428224645555 26 0.0005415970226749778 35 0.011973435999655637 0.8517000000000152
212 0.001296419301070273 35 0.001296419301070273 35 0.02177672372940078 0.8510000000000153
213 0.02380284294486046 34 0.02380201779305935 35 0.019758364103727874 0.8503000000000154
214 0.00027169616078026593 34 0.00022194346820469946 35 0.0012026790099518303 0.8496000000000155
215 0.005823676008731127 21 0.0032133127097040415 35 0.04221771968739557 0.8489000000000155
216 0.0015989290550351143 32 0.001282782875932753 35 0.013865682369178617 0.8482000000000156
217 0.005587802268564701 35 0.005587802268564701 35 0.01553614798589111 0.8475000000000157
218 0.011950095184147358 35 0.011950095184147358 35 0.016278773570459506 0.8468000000000158
219 0.015188763849437237 32 0.009086648933589458 35 0.03619421074187625 0.8461000000000158
220 0.0010732169030234218 29 0.000527816591784358 35 0.02153914384757501 0.8454000000000159
221 0.0013628412270918489 34 0.0010947365080937743 35 0.005377526858234156 0.844700000000016
222 0.006268479861319065 35 0.006268479861319065 35 0.017241517266025835 0.8440000000000161
223 0.025001199916005135 33 0.022718431428074837 35 0.012173882072294256 0.8433000000000161
224 0.003216827055439353 32 0.0030679297633469105 35 0.02057171880783592 0.8426000000000162
225 0.0006753636407665908 25 0.00020886873244307935 35 0.0227963649537136 0.8419000000000163
226 0.0035620597191154957 35 0.0035620597191154957 35 0.006602915272837943 0.8412000000000164
227 0.00047903970698826015 33 0.00029617693508043885 35 0.0034844556904814355 0.8405000000000165
228 0.06219291687011719 35 0.06219291687011719 35 0.15733113727745338 0.8398000000000165
229 0.015352719463407993 32 0.005998420994728804 35 0.011666804224230637 0.8391000000000166
230 0.0027651202399283648 35 0.0027651202399283648 35 0.011909985436698727 0.8384000000000167
231 0.012811587192118168 35 0.012811587192118168 35 0.05095302207740114 0.8377000000000168
232 0.003824451705440879 35 0.003824451705440879 35 0.008873829873329823 0.8370000000000168
233 0.0032121404074132442 31 0.0015768259763717651 35 0.019651410186925948 0.8363000000000169
234 0.02979358471930027 29 0.015722081065177917 35 0.3389731606699956 0.835600000000017
235 0.015373894944787025 35 0.015373894944787025 35 0.06323576368808431 0.8349000000000171
236 0.005016646813601255 31 0.0024493697565048933 35 0.06285299877509527 0.8342000000000172
237 0.0018023570301011205 35 0.0018023570301011205 35 0.016886009841123775 0.8335000000000172
238 0.003940970171242952 32 0.0025286341551691294 35 0.014733219143433946 0.8328000000000173
239 0.019338738173246384 35 0.019338738173246384 35 0.04893051390640866 0.8321000000000174
240 0.003745695576071739 34 0.003683251328766346 35 0.020272773830883814 0.8314000000000175
241 0.003729399060830474 23 0.0009700520313344896 35 0.017143033305589143 0.8307000000000175
242 0.08737616240978241 35 0.08737616240978241 35 415.3758597407184 0.8300000000000176
243 0.0014959778636693954 35 0.0014959778636693954 35 0.008379823567851653 0.8293000000000177
244 0.011805248446762562 33 0.011366084218025208 35 0.07182575211911597 0.8286000000000178
245 0.0005661805043928325 33 0.00040427211206406355 35 0.0038831764676519605 0.8279000000000178
246 0.0064254640601575375 35 0.0064254640601575375 35 0.010867864876932311 0.8272000000000179
247 0.008294238708913326 35 0.008294238708913326 35 0.027186726270817346 0.826500000000018
248 0.0018749228911474347 33 0.0005841972306370735 35 0.0032686222860673656 0.8258000000000181
249 0.005182225722819567 35 0.005182225722819567 35 0.017440454068804373 0.8251000000000182
250 0.0011640009470283985 34 0.000744356366340071 35 0.0029857986366902145 0.8244000000000182
251 0.0029055126942694187 30 0.0014164820313453674 35 0.023382749109630237 0.8237000000000183
252 0.010831997729837894 32 0.010357536375522614 35 0.15348374763844383 0.8230000000000184
253 0.0013180570676922798 35 0.0013180570676922798 35 0.016475541836891087 0.8223000000000185
254 0.0049416921101510525 35 0.0049416921101510525 35 0.017113723618172722 0.8216000000000185
255 0.020044535398483276 35 0.020044535398483276 35 0.1738285167876765 0.8209000000000186
256 0.014143113046884537 35 0.014143113046884537 35 0.04877092256512892 0.8202000000000187
257 0.0036452196072787046 27 0.002956907032057643 35 0.03738149882804816 0.8195000000000188
258 0.00031261760159395635 33 1.0508321793167852e-05 35 0.0019786429174705284 0.8188000000000188
259 0.0009051677770912647 35 0.0009051677770912647 35 0.004231938576648223 0.8181000000000189
260 0.0031061661429703236 34 0.0027438709512352943 35 0.008514741400089725 0.817400000000019
261 0.020778998732566833 35 0.020778998732566833 35 0.17570473506281822 0.8167000000000191
262 0.04956476017832756 35 0.04956476017832756 35 0.2589251267292542 0.8160000000000192
263 0.00064106285572052 33 0.0003400375717319548 35 0.018116248254527942 0.8153000000000192
264 0.00016555878391955048 27 2.1450818167068064e-05 35 0.0008116134070050929 0.8146000000000193
265 0.0005916752270422876 33 0.0002856040664482862 35 0.001226384366437665 0.8139000000000194
266 0.011939456686377525 34 0.008574072271585464 35 0.07076604113524533 0.8132000000000195
267 4.774036642629653e-05 27 8.105468623398338e-06 35 0.00022804370612719847 0.8125000000000195
268 0.0010688293259590864 27 3.364276926731691e-05 35 0.01042039845746215 0.8118000000000196
269 0.014276652596890926 35 0.014276652596890926 35 0.03351623812730659 0.8111000000000197
270 0.01608104631304741 35 0.01608104631304741 35 0.010429831059253375 0.8104000000000198
271 0.002110106172040105 35 0.002110106172040105 35 0.018795117799761275 0.8097000000000198
272 0.0039689987897872925 25 0.0023104092106223106 35 0.019700750090894382 0.8090000000000199
273 0.0012238570488989353 33 0.0004850826517213136 35 0.00448428484129572 0.80830000000002
274 0.005253661423921585 28 0.002508514793589711 35 0.08324630278889193 0.8076000000000201
275 0.11813033372163773 33 0.11332668364048004 35 4628.539209074135 0.8069000000000202
276 0.0004847978998441249 35 0.0004847978998441249 35 0.0019961683099133706 0.8062000000000202
277 0.003922981675714254 35 0.003922981675714254 35 0.01742746909124842 0.8055000000000203
278 0.01844237931072712 33 0.012329644523561 35 0.0364836140999873 0.8048000000000204
279 0.06872565299272537 35 0.06872565299272537 35 0.3019776945633831 0.8041000000000205
280 0.0005808800924569368 35 0.0005808800924569368 35 0.00583597777328599 0.8034000000000205
281 0.0575316958129406 35 0.0575316958129406 35 415.43613028516796 0.8027000000000206
282 0.015107684768736362 31 0.012913323007524014 35 0.2903849685672551 0.8020000000000207
283 0.00012982003681827337 29 4.46523554273881e-05 35 0.001013143523166372 0.8013000000000208
284 0.0058845034800469875 32 0.0027683645021170378 35 0.027513976549201884 0.8006000000000209
285 0.0065914904698729515 28 0.0005818521603941917 35 0.051972734506420135 0.7999000000000209
286 0.015779482200741768 35 0.015779482200741768 35 0.0032272407916202534 0.799200000000021
287 0.002628688933327794 35 0.002628688933327794 35 0.013097223091754567 0.7985000000000211
288 0.00016934865561779588 19 8.892436017049477e-05 35 0.003465814577970775 0.7978000000000212
289 0.027916420251131058 35 0.027916420251131058 35 0.11600114303708482 0.7971000000000212
290 0.008568339981138706 34 0.008258592337369919 35 0.08587540058373717 0.7964000000000213
291 0.01592376083135605 33 0.010422966443002224 35 0.1825768879554328 0.7957000000000214
292 0.006037464365363121 31 0.0018072412349283695 35 0.09114521348582373 0.7950000000000215
293 0.007391666062176228 31 0.003131305333226919 35 0.09521659540848657 0.7943000000000215
294 0.0005916701629757881 25 0.000571869604755193 35 0.01049015799071733 0.7936000000000216
295 0.0007889908738434315 35 0.0007889908738434315 35 0.0018238543830791309 0.7929000000000217
296 0.02220521867275238 32 0.018912525847554207 35 0.12016272587525202 0.7922000000000218
297 0.001389457262121141 24 0.0008333245641551912 35 0.03314084380967575 0.7915000000000219
298 0.04113464802503586 28 0.014767061918973923 35 0.12579903421431718 0.7908000000000219
299 0.01649903692305088 35 0.01649903692305088 35 0.07534722972125567 0.790100000000022
300 0.03709840774536133 35 0.03709840774536133 35 0.23809275578746175 0.7894000000000221
301 0.007353893481194973 35 0.007353893481194973 35 0.04115227107153793 0.7887000000000222
302 7.245734741445631e-05 35 7.245734741445631e-05 35 0.0004996992415155202 0.7880000000000222
303 0.0011832078453153372 30 0.00012057470303261653 35 0.008649171273100607 0.7873000000000223
304 0.002118677832186222 35 0.002118677832186222 35 0.009943289046302636 0.7866000000000224
305 0.0007683247094973922 35 0.0007683247094973922 35 0.002948784775876124 0.7859000000000225
306 0.0004937969497404993 33 0.00015305551642086357 35 0.002407922159446564 0.7852000000000225
307 0.0009974922286346555 21 0.0003662013914436102 35 0.03728231693794284 0.7845000000000226
308 0.0014078621752560139 25 7.283509330591187e-05 35 0.014052886774885207 0.7838000000000227
309 8.78549471963197e-05 31 4.321637243265286e-05 35 0.0007203188064763066 0.7831000000000228
310 0.03848518058657646 33 0.036538366228342056 35 0.13632364044668416 0.7824000000000229
311 0.0010808381484821439 35 0.0010808381484821439 35 0.0058381286570502325 0.7817000000000229
312 0.0035312522668391466 28 0.0022127756383270025 35 0.00764461756808588 0.781000000000023
313 0.016751114279031754 25 0.0005174571997486055 35 0.19546937617060636 0.7803000000000231
314 0.12936298549175262 35 0.12936298549175262 35 1312.52201829426 0.7796000000000232
315 0.0035665419418364763 35 0.0035665419418364763 35 0.02362978928120974 0.7789000000000232
316 0.005431524943560362 35 0.005431524943560362 35 0.011374745292991048 0.7782000000000233
317 0.0010894143488258123 35 0.0010894143488258123 35 0.009075409703102224 0.7775000000000234
318 0.0006400938727892935 27 0.00031121904612518847 35 0.0026586341462397282 0.7768000000000235
319 0.0008791841100901365 34 0.0008535732049494982 35 0.0038507387544082943 0.7761000000000235
320 0.011196525767445564 35 0.011196525767445564 35 0.030599555605310098 0.7754000000000236
321 0.002473267028108239 35 0.002473267028108239 35 0.012159043723150654 0.7747000000000237
322 0.0008925139554776251 33 0.0006493120454251766 35 0.007671702272159486 0.7740000000000238
323 0.005379089154303074 35 0.005379089154303074 35 0.01909661628508879 0.7733000000000239
324 0.007394357118755579 34 0.00726135540753603 35 0.06243807980039261 0.7726000000000239
325 0.0008174165850505233 35 0.0008174165850505233 35 0.006028950681084196 0.771900000000024
326 7.631801418028772e-05 28 3.409248165553436e-05 35 0.0021425625788822657 0.7712000000000241
327 0.0011386628029868007 30 0.0009072446846403182 35 0.012159051263103335 0.7705000000000242
328 0.0017229889053851366 35 0.0017229889053851366 35 0.017906214158200436 0.7698000000000242
329 0.0014560424024239182 25 0.0010526971891522408 35 0.01545137533992542 0.7691000000000243
330 0.015131417661905289 33 0.01191310677677393 35 0.2355448966235143 0.7684000000000244
331 0.018817700445652008 35 0.018817700445652008 35 0.06194609331692228 0.7677000000000245
332 0.027713406831026077 35 0.027713406831026077 35 0.11046308378974803 0.7670000000000246
333 0.00804781261831522 35 0.00804781261831522 35 0.028232527222338134 0.7663000000000246
334 0.0011853664182126522 32 0.0002116315736202523 35 0.020437013650042773 0.7656000000000247
335 0.003976006526499987 35 0.003976006526499987 35 0.008722288248323655 0.7649000000000248
336 0.01953492872416973 35 0.01953492872416973 35 0.05480310210859184 0.7642000000000249
337 5.965066884527914e-05 35 5.965066884527914e-05 35 0.0008678690563923944 0.7635000000000249
338 0.00027183842030353844 30 7.489952258765697e-05 35 0.0015494755004231177 0.762800000000025
339 0.011680384166538715 35 0.011680384166538715 35 0.07480552336303126 0.7621000000000251
340 0.0003592737193685025 35 0.0003592737193685025 35 0.002603233834243837 0.7614000000000252
341 0.024959981441497803 35 0.024959981441497803 35 0.013015012580004127 0.7607000000000252
342 0.007353614084422588 31 0.005329860374331474 35 0.028266793174107362 0.7600000000000253
343 0.0022974112071096897 25 0.0021640255581587553 35 0.022744027084841828 0.7593000000000254
344 0.00660176295787096 35 0.00660176295787096 35 0.016278030834987044 0.7586000000000255
345 0.002557657426223159 35 0.002557657426223159 35 0.01718415145718585 0.7579000000000256
346 0.014086737297475338 35 0.014086737297475338 35 0.04232910387541097 0.7572000000000256
347 0.007531710434705019 35 0.007531710434705019 35 0.005665038513504472 0.7565000000000257
348 0.017226288095116615 35 0.017226288095116615 35 0.07256851959173849 0.7558000000000258
349 0.04725876450538635 35 0.04725876450538635 35 0.3770665180431116 0.7551000000000259
350 2.1148431187612005e-05 35 2.1148431187612005e-05 35 0.00037515320057786 0.7544000000000259
351 0.0012036958942189813 35 0.0012036958942189813 35 0.0010456443342490532 0.753700000000026
352 0.08108731359243393 35 0.08108731359243393 35 2414.059085982572 0.7530000000000261
353 0.004122046288102865 30 0.003362518036738038 35 0.08307155676416683 0.7523000000000262
354 0.014295189641416073 33 0.0104700718075037 35 0.07934742127656791 0.7516000000000262
355 0.0007791587268002331 35 0.0007791587268002331 35 0.0025944764048751404 0.7509000000000263
356 0.0356166772544384 29 0.018608333542943 35 0.4698884997923621 0.7502000000000264
357 0.0009676820482127368 31 4.7033205191837624e-05 35 0.0037071093509961576 0.7495000000000265
358 0.009827032685279846 31 0.003941163420677185 35 0.03817819750978092 0.7488000000000266
359 8.048065501498058e-05 25 6.494741683127359e-05 35 0.0021491133605454895 0.7481000000000266
360 0.005855179391801357 33 0.003102427115663886 35 0.021088960167371645 0.7474000000000267
361 0.0003129224933218211 31 8.579199493397027e-05 35 0.003076827979072792 0.7467000000000268
362 0.02504563145339489 35 0.02504563145339489 35 0.1738215943231313 0.7460000000000269
363 0.0010618491796776652 31 8.774348680162802e-05 35 0.009584213976391498 0.7453000000000269
364 0.00026536083896644413 28 0.000247967429459095 35 0.0025144136547057723 0.744600000000027
365 0.006734730210155249 35 0.006734730210155249 35 0.01746448916607828 0.7439000000000271
366 0.0014065734576433897 35 0.0014065734576433897 35 0.013369201787123638 0.7432000000000272
367 0.012070395983755589 35 0.012070395983755589 35 0.0462879822866864 0.7425000000000272
368 0.0004673569346778095 34 0.0004137220385018736 35 0.005379538551470014 0.7418000000000273
369 0.002286711474880576 35 0.002286711474880576 35 0.0053890728255077056 0.7411000000000274
370 0.0004686022875830531 23 0.00012347784650046378 35 0.0034378114234745725 0.7404000000000275
371 0.0024860932026058435 35 0.0024860932026058435 35 0.013544933839808388 0.7397000000000276
372 0.013784283772110939 35 0.013784283772110939 35 0.0595628542523479 0.7390000000000276
373 9.417979163117707e-05 24 5.84899571549613e-05 35 0.0009175942678993078 0.7383000000000277
374 0.0005570006323978305 33 0.00017079568351618946 35 0.00327438393806015 0.7376000000000278
375 0.009511844255030155 35 0.009511844255030155 35 0.04092190037428935 0.7369000000000279
376 0.0025421257596462965 35 0.0025421257596462965 35 0.006153015274749827 0.7362000000000279
377 0.0027097375132143497 35 0.0027097375132143497 35 0.01367135572647779 0.735500000000028
378 0.026936320587992668 28 0.02405424974858761 35 0.19096086253809708 0.7348000000000281
379 0.0005783587694168091 30 0.00032694899709895253 35 0.004356020587454911 0.7341000000000282
380 0.0016201961552724242 30 0.0010982734384015203 35 0.010566926079006339 0.7334000000000283
381 0.0006337816012091935 35 0.0006337816012091935 35 0.007182516512798447 0.7327000000000283
382 0.022022824734449387 35 0.022022824734449387 35 0.3402337897171153 0.7320000000000284
383 0.0009194549056701362 35 0.0009194549056701362 35 0.005393309497596891 0.7313000000000285
384 0.0018993259873241186 30 0.0010452803689986467 35 0.007275265922633653 0.7306000000000286
385 0.003877748269587755 34 0.0032905293628573418 35 0.041901278353799934 0.7299000000000286
386 0.04613975062966347 33 0.02738644741475582 35 0.36839784638751816 0.7292000000000287
387 0.025357266888022423 35 0.025357266888022423 35 0.07806004511282683 0.7285000000000288
388 0.019655857235193253 31 0.011506513692438602 35 0.18725676140393793 0.7278000000000289
389 0.0011991416104137897 31 0.00027138806763105094 35 0.007551068729265212 0.727100000000029
390 0.0007656625239178538 34 0.0006355433142744005 35 0.0024560674495434053 0.726400000000029
391 0.046709608286619186 30 0.0305970199406147 35 0.8838787504994626 0.7257000000000291
392 0.0013787325005978346 35 0.0013787325005978346 35 0.007658662913193335 0.7250000000000292
393 0.0037978123873472214 33 0.0029013254679739475 35 0.023924273839241388 0.7243000000000293
394 0.0021542527247220278 29 7.770814409013838e-05 35 0.02834023942252508 0.7236000000000293
395 0.003117299871519208 35 0.003117299871519208 35 0.007198817911807108 0.7229000000000294
396 0.00837126187980175 35 0.00837126187980175 35 0.034459976789425584 0.7222000000000295
397 0.006651868112385273 34 0.006468307692557573 35 0.03986194701041572 0.7215000000000296
398 0.003452465170994401 23 0.0015066209016367793 35 0.05361127140535111 0.7208000000000296
399 0.008042559027671814 35 0.008042559027671814 35 0.020076630887652176 0.7201000000000297
400 0.0031958092004060745 23 0.0019678196404129267 35 0.04882335965578485 0.7194000000000298
401 0.0005804998218081892 21 0.000554256490431726 35 0.0034296879982110466 0.7187000000000299
402 0.010397111065685749 31 0.0037769395858049393 35 0.059005341075249705 0.71800000000003
403 0.0011241757310926914 33 0.0006753819761797786 35 0.002210119123151069 0.71730000000003
404 0.0008561206050217152 26 0.0005727027892135084 35 0.014364196321364969 0.7166000000000301
405 0.00033843782148323953 23 0.00024217707687057555 35 0.00177689255517069 0.7159000000000302
406 0.0022874122951179743 30 0.0013555360492318869 35 0.02272224683604134 0.7152000000000303
407 0.0036541151348501444 35 0.0036541151348501444 35 0.010563953563170858 0.7145000000000303
408 0.0020127661991864443 27 0.00014384464884642512 35 0.028110505365932886 0.7138000000000304
409 0.011815881356596947 35 0.011815881356596947 35 0.13496992914785674 0.7131000000000305
410 0.04418360814452171 28 0.009357334114611149 35 0.16763665251227153 0.7124000000000306
411 0.0008889062446542084 34 0.000809978402685374 35 0.005907149978535244 0.7117000000000306
412 0.010025168769061565 35 0.010025168769061565 35 0.07019353660222878 0.7110000000000307
413 0.001729894895106554 35 0.001729894895106554 35 0.0036174503856419254 0.7103000000000308
414 0.005044282414019108 33 0.0010466703679412603 35 0.01037185353199633 0.7096000000000309
415 0.003582988865673542 34 0.0035584105644375086 35 0.022515412739237906 0.708900000000031
416 0.0016639535315334797 34 0.000896888435818255 35 0.006608154173903452 0.708200000000031
417 0.00018511706730350852 31 0.0001489325222792104 35 0.003742988313572518 0.7075000000000311
418 0.0015455193351954222 31 0.0002296703023603186 35 0.011001802115378734 0.7068000000000312
419 0.012010425329208374 35 0.012010425329208374 35 0.011763657348204542 0.7061000000000313
420 0.00018924557662103325 35 0.00018924557662103325 35 0.0018171892709163396 0.7054000000000313
421 0.003203789470717311 35 0.003203789470717311 35 0.02733778797812137 0.7047000000000314
422 0.008271466940641403 33 0.007727020885795355 35 0.07357807542307261 0.7040000000000315
423 0.001667437725700438 32 0.0010010338155552745 35 0.00816470568117357 0.7033000000000316
424 0.004367173183709383 35 0.004367173183709383 35 0.05091208676629534 0.7026000000000316
425 0.03900035843253136 35 0.03900035843253136 35 0.14864367763119019 0.7019000000000317
426 0.026844961568713188 34 0.02659127674996853 35 0.15536998735868587 0.7012000000000318
427 0.00017509044846519828 33 8.835886546876281e-06 35 0.0006715275921939924 0.7005000000000319
428 0.0012555500725284219 35 0.0012555500725284219 35 0.006952459810512136 0.699800000000032
429 0.012119095772504807 33 0.0035949531011283398 35 0.0337647340128667 0.699100000000032
430 0.043687090277671814 28 0.034075379371643066 35 0.44689016475435234 0.6984000000000321
431 0.006386777851730585 35 0.006386777851730585 35 0.07715761388783082 0.6977000000000322
432 0.005110322963446379 33 0.0036080731078982353 35 0.05456598021477586 0.6970000000000323
433 0.002869424642995 35 0.002869424642995 35 0.012925382541961641 0.6963000000000323
434 0.003636120818555355 35 0.003636120818555355 35 0.007257059755672917 0.6956000000000324
435 0.003152787685394287 34 0.002831665799021721 35 0.0023552787156345964 0.6949000000000325
436 0.0002576335391495377 35 0.0002576335391495377 35 0.0014553912355736915 0.6942000000000326
437 0.002768632723018527 32 0.001704097492620349 35 0.02475146310875669 0.6935000000000326
438 0.002542370930314064 29 0.0009956809226423502 35 0.0031038533115492367 0.6928000000000327
439 0.006578448694199324 35 0.006578448694199324 35 0.023085770658570842 0.6921000000000328
440 0.014996713027358055 35 0.014996713027358055 35 0.0781701024574202 0.6914000000000329
441 0.04421510174870491 35 0.04421510174870491 35 0.26930630858538046 0.690700000000033
442 0.0010508133564144373 35 0.0010508133564144373 35 0.005123394485402794 0.690000000000033
443 0.021044200286269188 35 0.021044200286269188 35 0.3654385046761046 0.6893000000000331
444 0.002370269037783146 26 0.0004572797624859959 35 0.02191212492097083 0.6886000000000332
445 0.002066792920231819 27 0.0015326736029237509 35 0.022921020046909418 0.6879000000000333
446 0.004222300369292498 35 0.004222300369292498 35 0.019293092143830345 0.6872000000000333
447 0.0016133477911353111 18 0.0004965862026438117 35 0.020771012003224034 0.6865000000000334
448 0.002775788540020585 29 0.0004932222072966397 35 0.07316773589155665 0.6858000000000335
449 0.0007846092921681702 35 0.0007846092921681702 35 0.0018196628264852267 0.6851000000000336
450 0.0023890852462500334 33 0.0011895750649273396 35 0.022322503629249656 0.6844000000000336
451 0.001465900451876223 34 0.0014641789020970464 35 0.006059573963419596 0.6837000000000337
452 0.0030405260622501373 34 0.0015045490581542253 35 0.028266886096836794 0.6830000000000338
453 0.005547006614506245 35 0.005547006614506245 35 0.10692308688802825 0.6823000000000339
454 0.01469859853386879 35 0.01469859853386879 35 0.03470224292835528 0.681600000000034
455 0.07051398605108261 35 0.07051398605108261 35 2306.6430832138276 0.680900000000034
456 0.0011520000407472253 31 0.0011351776774972677 35 0.012370871465140494 0.6802000000000341
457 0.018253766000270844 35 0.018253766000270844 35 0.041789897111293425 0.6795000000000342
458 0.0019175891065970063 34 0.0017728295642882586 35 0.024540356323553194 0.6788000000000343
459 0.030162746086716652 30 0.02543926239013672 35 0.32250271970436073 0.6781000000000343
460 0.0639602467417717 35 0.0639602467417717 35 415.268806616604 0.6774000000000344
461 0.0016900105401873589 31 0.0009879986755549908 35 0.02913414267723319 0.6767000000000345
462 0.0025375965051352978 35 0.0025375965051352978 35 0.02313161986837076 0.6760000000000346
463 0.005231920164078474 35 0.005231920164078474 35 0.07179024497648978 0.6753000000000347
464 0.002943288767710328 35 0.002943288767710328 35 0.02558908089469351 0.6746000000000347
465 0.0024813530035316944 35 0.0024813530035316944 35 0.009188464052786728 0.6739000000000348
466 0.0008417805656790733 30 0.00015562374028377235 35 0.0051253360598031246 0.6732000000000349
467 0.002838901011273265 29 0.0021305407863110304 35 0.005317847257050465 0.672500000000035
468 0.0011329429689794779 34 0.0011090373154729605 35 0.006170438581015732 0.671800000000035
469 0.00785091333091259 34 0.006428403779864311 35 0.021470197589015548 0.6711000000000351
470 0.02558319829404354 35 0.02558319829404354 35 0.10343135136557124 0.6704000000000352
471 0.001136261853389442 35 0.001136261853389442 35 0.010024737732513283 0.6697000000000353
472 0.006104311440140009 35 0.006104311440140009 35 0.06990986583694972 0.6690000000000353
473 0.0013437815941870213 35 0.0013437815941870213 35 0.002468109235820924 0.6683000000000354
474 0.07762802392244339 35 0.07762802392244339 35 415.44307058813365 0.6676000000000355
475 0.0003690988232847303 35 0.0003690988232847303 35 0.0008161586665115315 0.6669000000000356
476 0.007630605716258287 35 0.007630605716258287 35 0.024932457359457122 0.6662000000000357
477 0.002702817553654313 32 0.0012142689665779471 35 0.028684279897805358 0.6655000000000357
478 0.02747693844139576 35 0.02747693844139576 35 0.13959145103977375 0.6648000000000358
479 0.015478675253689289 35 0.015478675253689289 35 0.059508928365457334 0.6641000000000359
480 0.021870531141757965 35 0.021870531141757965 35 0.08305105314694321 0.663400000000036
481 0.012129007838666439 33 0.006788142491132021 35 0.07023511888061809 0.662700000000036
482 0.04940947890281677 35 0.04940947890281677 35 0.10223842908451228 0.6620000000000361
483 0.050699468702077866 31 0.023326296359300613 35 0.30084638031940547 0.6613000000000362
484 0.043176040053367615 29 0.0027107030618935823 35 0.18903645704753683 0.6606000000000363
485 0.00848457869142294 35 0.00848457869142294 35 0.03603474318155234 0.6599000000000363
486 0.0013811899116262794 34 0.0013038786128163338 35 0.021061610606539057 0.6592000000000364
487 0.0014553341316059232 35 0.0014553341316059232 35 0.018845651139074965 0.6585000000000365
488 0.001517981057986617 30 0.0001604284771019593 35 0.01231479723065136 0.6578000000000366
489 0.016967613250017166 35 0.016967613250017166 35 0.010120562481275016 0.6571000000000367
490 0.02361728996038437 35 0.02361728996038437 35 0.10658928505946444 0.6564000000000367
491 0.005295811221003532 35 0.005295811221003532 35 0.004733892346887307 0.6557000000000368
492 0.0033958819694817066 35 0.0033958819694817066 35 0.022504723584283737 0.6550000000000369
493 0.006716887000948191 24 0.0006588347023352981 35 0.11734005583834259 0.654300000000037
494 0.021293727681040764 29 0.011709440499544144 35 0.20388933875550724 0.653600000000037
495 0.001348384888842702 32 0.0011077544186264277 35 0.013403143825796878 0.6529000000000371
496 0.0001763008040143177 33 6.486858183052391e-05 35 0.0015381022812464187 0.6522000000000372
497 0.00046983480569906533 26 0.0003340854891575873 35 0.010830600080698154 0.6515000000000373
498 0.03244166076183319 33 0.016556916758418083 35 0.011832405248121689 0.6508000000000373
499 0.0006688468274660408 35 0.0006688468274660408 35 0.008526311406823634 0.6501000000000374
500 0.0014813949819654226 35 0.0014813949819654226 35 0.011032406244060523 0.6494000000000375
501 0.0010596710490062833 30 0.0003001143631990999 35 0.0041820592124420675 0.6487000000000376
502 0.004682227969169617 32 0.0012473738752305508 35 0.039205654823579066 0.6480000000000377
503 0.011324074119329453 28 0.006244732066988945 35 0.07254372393538003 0.6473000000000377
504 0.0013865756336599588 35 0.0013865756336599588 35 0.022999957329835917 0.6466000000000378
505 0.0012537174625322223 35 0.0012537174625322223 35 0.019260433895207884 0.6459000000000379
506 0.01096954196691513 32 0.009086866863071918 35 0.089628629277083 0.645200000000038
507 0.024208366870880127 35 0.024208366870880127 35 0.24100461278073937 0.644500000000038
508 0.0016943977680057287 31 8.381035149795935e-05 35 0.02732328969099063 0.6438000000000381
509 0.003424926893785596 27 0.0001581224933033809 35 0.045053119925941014 0.6431000000000382
510 0.001980940345674753 24 0.0004852658021263778 35 0.011662717693906765 0.6424000000000383
511 0.0307772234082222 35 0.0307772234082222 35 0.25917009773743976 0.6417000000000384
512 0.0853668674826622 35 0.0853668674826622 35 0.19165072086318036 0.6410000000000384
513 0.008263539522886276 34 0.005861606914550066 35 0.06373614584629722 0.6403000000000385
514 0.01645556278526783 35 0.01645556278526783 35 0.09152752413246898 0.6396000000000386
515 0.014677622355520725 35 0.014677622355520725 35 0.05050261675609535 0.6389000000000387
516 0.005908431019634008 35 0.005908431019634008 35 0.030277250844762203 0.6382000000000387
517 0.012403483502566814 29 0.007209772244095802 35 0.1992822781742053 0.6375000000000388
518 0.019037527963519096 35 0.019037527963519096 35 0.078428781521559 0.6368000000000389
519 0.004583754576742649 35 0.004583754576742649 35 0.007268881914320659 0.636100000000039
520 0.0001000818592729047 35 0.0001000818592729047 35 0.00028623256264092217 0.635400000000039
521 0.026845181360840797 35 0.026845181360840797 35 0.025069114300732193 0.6347000000000391
522 0.003692583879455924 35 0.003692583879455924 35 0.006189224847904982 0.6340000000000392
523 0.016866235062479973 35 0.016866235062479973 35 0.11280855557761972 0.6333000000000393
524 0.0032010285649448633 33 0.001791418413631618 35 0.032428100652171304 0.6326000000000394
525 0.0011655434500426054 35 0.0011655434500426054 35 0.011778854200744778 0.6319000000000394
526 0.0029433208983391523 35 0.0029433208983391523 35 0.010664490947082104 0.6312000000000395
527 0.00015958053700160235 33 8.182117016986012e-05 35 0.0027130469796189994 0.6305000000000396
528 0.0005179682630114257 27 0.00010525638936087489 35 0.011124589890222561 0.6298000000000397
529 0.0005220851744525135 24 0.00040967229870148003 35 0.004779379848720225 0.6291000000000397
530 0.0007634636131115258 31 0.00017720370669849217 35 0.004722457634882919 0.6284000000000398
531 0.0028363694436848164 29 0.002020412590354681 35 0.0171063043554596 0.6277000000000399
532 0.01141386665403843 35 0.01141386665403843 35 0.0612416541597311 0.62700000000004
533 0.014072475954890251 35 0.014072475954890251 35 0.07417332613580982 0.62630000000004
534 0.0068540675565600395 30 0.0068314773961901665 35 0.0941803915254932 0.6256000000000401
535 0.02914002165198326 35 0.02914002165198326 35 0.06342170098745392 0.6249000000000402
536 0.00029934203485026956 35 0.00029934203485026956 35 0.0016886229117969195 0.6242000000000403
537 0.009626548737287521 34 0.007483030203729868 35 0.08068426123791508 0.6235000000000404
538 0.007743263151496649 35 0.007743263151496649 35 0.02194520659016591 0.6228000000000404
539 0.0287310928106308 34 0.02309064194560051 35 0.043614757833484626 0.6221000000000405
540 0.008303679525852203 35 0.008303679525852203 35 0.06885483048965091 0.6214000000000406
541 0.05707776919007301 34 0.05515368655323982 35 510.0655001477588 0.6207000000000407
542 0.0014391682343557477 32 0.0007437604945152998 35 0.00891849422024349 0.6200000000000407
543 0.010831011459231377 32 0.0031997605692595243 35 0.06072681828554902 0.6193000000000408
544 0.00033872295171022415 29 0.00019996936316601932 35 0.0036977352589951055 0.6186000000000409
545 0.00231842789798975 35 0.00231842789798975 35 0.017949244517394863 0.617900000000041
546 0.000827282085083425 27 0.0007178355590440333 35 0.01719550890075554 0.617200000000041
547 0.01377943716943264 33 0.013257835991680622 35 0.10973220265060095 0.6165000000000411
548 0.008751179091632366 35 0.008751179091632366 35 0.08055338055432773 0.6158000000000412
549 0.0013978065690025687 35 0.0013978065690025687 35 0.023316122176557718 0.6151000000000413
550 0.007844074629247189 35 0.007844074629247189 35 0.1417403575915088 0.6144000000000414
551 0.015099317766726017 27 0.009254700504243374 35 0.005162403173906701 0.6137000000000414
552 0.0005431163590401411 31 0.0001270672946702689 35 0.0033181736959408477 0.6130000000000415
553 0.015519379638135433 35 0.015519379638135433 35 0.07316994313984092 0.6123000000000416
554 0.006007620599120855 23 0.0033876337110996246 35 0.12781890125164844 0.6116000000000417
555 0.0005825232365168631 30 0.000508458586409688 35 0.002292484988577689 0.6109000000000417
556 0.0006865146569907665 29 0.00040988079854287207 35 0.005802021985721337 0.6102000000000418
557 0.012527638114988804 34 0.010913333855569363 35 0.13804713907962138 0.6095000000000419
558 0.00030643248464912176 33 0.00021177403687033802 35 0.0028002637919834804 0.608800000000042
559 0.00463122921064496 35 0.00463122921064496 35 0.008575745170953948 0.608100000000042
560 0.002307531191036105 31 0.0014504623832181096 35 0.015075937024184152 0.6074000000000421
561 0.0021280369255691767 35 0.0021280369255691767 35 0.0041805596828385335 0.6067000000000422
562 0.007904287427663803 27 4.484543751459569e-05 35 0.043365951656489266 0.6060000000000423
563 5.048837556387298e-05 32 2.960480378533248e-05 35 0.0005409873916707223 0.6053000000000424
564 0.007018388714641333 35 0.007018388714641333 35 0.04789962292870749 0.6046000000000424
565 0.03591345623135567 35 0.03591345623135567 35 0.4365901512707281 0.6039000000000425
566 0.0030297250486910343 35 0.0030297250486910343 35 0.018940402332490645 0.6032000000000426
567 0.02077208086848259 31 0.01894533820450306 35 0.15433473135497966 0.6025000000000427
568 0.0004109575820621103 25 5.7043043852900155e-06 35 0.0011078784411455661 0.6018000000000427
569 0.007397993467748165 35 0.007397993467748165 35 0.07555303339469097 0.6011000000000428
570 0.019357623532414436 34 0.018908269703388214 35 0.21550519529759796 0.6004000000000429
571 0.025785256177186966 35 0.025785256177186966 35 0.07957219312889446 0.599700000000043
572 0.0005744789959862828 32 2.665982037797221e-06 35 0.004450754676730289 0.599000000000043
573 0.004640125669538975 34 0.00454928120598197 35 0.009558848920742406 0.5983000000000431
574 0.00015138807066250592 35 0.00015138807066250592 35 0.001110977675512828 0.5976000000000432
575 0.0004148261505179107 28 0.00027771241730079055 35 0.0027030216001136414 0.5969000000000433
576 0.02450789324939251 31 0.006742735859006643 35 0.1276024807713765 0.5962000000000434
577 0.00363792828284204 35 0.00363792828284204 35 0.016376452878945513 0.5955000000000434
578 0.00023454164329450577 28 8.500888361595571e-05 35 0.0012135156968072795 0.5948000000000435
579 0.007273695431649685 32 0.0017818859778344631 35 0.0572446465395317 0.5941000000000436
580 0.0027134395204484463 35 0.0027134395204484463 35 0.02819572144749971 0.5934000000000437
581 0.002062660874798894 35 0.002062660874798894 35 0.009674884868392896 0.5927000000000437
582 0.00189372175373137 27 0.00039997627027332783 35 0.04245162242857618 0.5920000000000438
583 0.0006672128802165389 35 0.0006672128802165389 35 0.0027810148920541546 0.5913000000000439
584 0.00932519230991602 34 0.009222823195159435 35 0.04400348594024375 0.590600000000044
585 0.0023275879211723804 33 0.001557769370265305 35 0.04458706496427202 0.5899000000000441
586 0.012983412481844425 29 0.007765681017190218 35 0.26765817413380183 0.5892000000000441
587 0.10694586485624313 31 0.09155108779668808 35 0.022815883291759056 0.5885000000000442
588 0.01563398353755474 35 0.01563398353755474 35 0.05070829893049844 0.5878000000000443
589 0.008458781987428665 35 0.008458781987428665 35 0.050125168051057004 0.5871000000000444
590 0.01568734459578991 28 0.010496668517589569 35 0.27744547126154195 0.5864000000000444
591 0.0028303780127316713 34 0.0026388911064714193 35 0.005155756814914105 0.5857000000000445
592 0.0011315979063510895 35 0.0011315979063510895 35 0.0005109287281876841 0.5850000000000446
593 0.0008008945151232183 26 3.5362449125386775e-05 35 0.016942896997693403 0.5843000000000447
594 0.010611672885715961 35 0.010611672885715961 35 0.03335575506916578 0.5836000000000447
595 0.003720116103067994 32 0.0022219286765903234 35 0.009009464443193421 0.5829000000000448
596 0.00557665852829814 32 0.0042158388532698154 35 0.011413463751281182 0.5822000000000449
597 0.000737123831640929 31 0.0002549357304815203 35 0.00518776820258076 0.581500000000045
598 0.0035201360005885363 31 0.0009671185398474336 35 0.07969580756283635 0.5808000000000451
599 0.0027914466336369514 30 0.0025651645846664906 35 0.025830802320200366 0.5801000000000451
600 0.009008530527353287 35 0.009008530527353287 35 0.0962951656942623 0.5794000000000452
601 0.020099960267543793 35 0.020099960267543793 35 0.0025877821898972176 0.5787000000000453
602 0.00039763509994372725 30 4.831941987504251e-05 35 0.00442647630047185 0.5780000000000454
603 0.011451991274952888 35 0.011451991274952888 35 0.012040167853626629 0.5773000000000454
604 0.0013661842094734311 24 0.0008346401737071574 35 0.048924968960654215 0.5766000000000455
605 0.011882418766617775 35 0.011882418766617775 35 0.03961345963278942 0.5759000000000456
606 0.001617790199816227 35 0.001617790199816227 35 0.028515645161452684 0.5752000000000457
607 0.00010114251199411228 35 0.00010114251199411228 35 0.001073842353211391 0.5745000000000458
608 0.002551953075453639 35 0.002551953075453639 35 0.007535544069172347 0.5738000000000458
609 0.002375092590227723 27 0.0012879992136731744 35 0.02266555700747088 0.5731000000000459
610 0.007043791469186544 35 0.007043791469186544 35 0.02987500395325585 0.572400000000046
611 7.160770474001765e-05 30 4.981981692253612e-05 35 0.001350995945515125 0.5717000000000461
612 0.005178999621421099 35 0.005178999621421099 35 0.03470888933998859 0.5710000000000461
613 0.0005611448432318866 27 0.0002460395626258105 35 0.0053559491546740405 0.5703000000000462
614 0.001200225786305964 35 0.001200225786305964 35 0.005232966974475053 0.5696000000000463
615 0.0007786727510392666 35 0.0007786727510392666 35 0.005591981834324286 0.5689000000000464
616 0.015256904065608978 35 0.015256904065608978 35 0.0921314841497445 0.5682000000000464
617 0.00649298308417201 35 0.00649298308417201 35 0.020504087065730613 0.5675000000000465
618 0.011753392405807972 35 0.011753392405807972 35 0.0019477044023906902 0.5668000000000466
619 0.0008658409933559597 30 0.0002416466741124168 35 0.015477810134632142 0.5661000000000467
620 0.0012892852537333965 20 0.00031410035444423556 35 0.031112972105409756 0.5654000000000468
621 0.0019020389299839735 35 0.0019020389299839735 35 0.02032545141215323 0.5647000000000468
622 0.004747679457068443 24 0.0024796323850750923 35 0.039689674709146326 0.5640000000000469
623 0.0006406658212654293 35 0.0006406658212654293 35 0.0026284873467126144 0.563300000000047
624 0.00346901617012918 28 0.0001886984973680228 35 0.03491796365110435 0.5626000000000471
625 0.003024765057489276 34 0.002622505184262991 35 0.004457001716193635 0.5619000000000471
626 0.012121273204684258 35 0.012121273204684258 35 0.04882753731110282 0.5612000000000472
627 0.0003837046679109335 32 5.014108319301158e-05 35 0.007713820201230167 0.5605000000000473
628 0.0022312861401587725 34 0.0016854905989021063 35 0.009665957951291786 0.5598000000000474
629 0.037922896444797516 29 0.02871142141520977 35 0.22785115795055708 0.5591000000000474
630 0.003742275759577751 25 0.0007253694930113852 35 0.03170987852939046 0.5584000000000475
631 0.008057366125285625 35 0.008057366125285625 35 0.038478496284586626 0.5577000000000476
632 0.001819684519432485 35 0.001819684519432485 35 0.009784334259135224 0.5570000000000477
633 0.01157862413674593 28 0.0027837776578962803 35 0.09701971734877544 0.5563000000000478
634 0.009289401583373547 32 0.005115806590765715 35 0.011940119900739891 0.5556000000000478
635 0.012416502460837364 34 0.010650706477463245 35 0.03551930481071774 0.5549000000000479
636 0.0008461763500235975 26 0.00048553262604400516 35 0.007391325929846314 0.554200000000048
637 0.0007681367569603026 21 0.0006544372299686074 35 0.0038937635641981727 0.5535000000000481
638 0.007018610835075378 30 0.006670706905424595 35 0.0545729207095511 0.5528000000000481
639 0.0007015494047664106 32 0.00041840889025479555 35 0.004807037674134546 0.5521000000000482
640 0.00041961733950302005 27 0.00023139991390053183 35 0.0017890616246830121 0.5514000000000483
641 0.0012908518547192216 32 0.000641264021396637 35 0.014853340598553881 0.5507000000000484
642 0.06582966446876526 35 0.06582966446876526 35 0.03748715179269237 0.5500000000000485
643 0.004298529587686062 35 0.004298529587686062 35 0.008071940136223978 0.5493000000000485
644 0.0004474822781048715 35 0.0004474822781048715 35 0.00817336058436235 0.5486000000000486
645 0.2026374489068985 35 0.2026374489068985 35 2843.3441895972283 0.5479000000000487
646 0.0013231367338448763 29 0.001305213663727045 35 0.01793717277276777 0.5472000000000488
647 0.003577216062694788 28 0.002652085153385997 35 0.03881720232083112 0.5465000000000488
648 0.005953348241746426 34 0.003171465825289488 35 0.00904345229164974 0.5458000000000489
649 0.0058985427021980286 35 0.0058985427021980286 35 0.006812976965454725 0.545100000000049
650 0.014123599976301193 27 0.0055363536812365055 35 0.13910614103302257 0.5444000000000491
651 0.0016455434961244464 35 0.0016455434961244464 35 0.010201803330392669 0.5437000000000491
652 0.0011187264462932944 25 8.065313886618242e-05 35 0.004891512469968819 0.5430000000000492
653 0.17602640390396118 35 0.17602640390396118 35 1796.8487694059709 0.5423000000000493
654 7.133001054171473e-05 31 4.319968866184354e-05 35 0.0008357512616826504 0.5416000000000494
655 0.0004691843641921878 35 0.0004691843641921878 35 0.006348729372828383 0.5409000000000495
656 0.0087128272280097 32 0.005236296448856592 35 0.06826373040710099 0.5402000000000495
657 0.01661509834229946 30 0.013866397552192211 35 0.06329751778996076 0.5395000000000496
658 0.003146650968119502 34 0.0016976686893031001 35 0.001722955060644394 0.5388000000000497
659 0.002242947928607464 26 0.001369538134895265 35 0.029721811805128638 0.5381000000000498
660 0.019750837236642838 35 0.019750837236642838 35 0.007095877685365455 0.5374000000000498
661 0.004911032970994711 35 0.004911032970994711 35 0.019538694261365397 0.5367000000000499
662 0.014420494437217712 29 0.0046367039903998375 35 0.29228210916000075 0.53600000000005
663 0.0004655017692130059 31 0.00020521655096672475 35 0.005205182874183065 0.5353000000000501
664 0.00571067351847887 31 0.002866768278181553 35 0.01382248491904442 0.5346000000000501
665 7.529733557021245e-05 35 7.529733557021245e-05 35 0.0003392062393979628 0.5339000000000502
666 8.113584044622257e-05 21 2.480980811014888e-06 35 0.0021163359537988845 0.5332000000000503
667 0.0021096370182931423 30 0.0006866299663670361 35 0.006935015236255784 0.5325000000000504
668 0.0062781330198049545 35 0.0062781330198049545 35 0.06097789684769249 0.5318000000000505
669 0.06389758735895157 35 0.06389758735895157 35 0.2205112970574368 0.5311000000000505
670 0.019092191010713577 35 0.019092191010713577 35 0.08518168732953639 0.5304000000000506
671 0.013992578722536564 33 0.011053464375436306 35 0.25969813361081295 0.5297000000000507
672 0.0680057555437088 35 0.0680057555437088 35 0.6799981740552483 0.5290000000000508
673 0.006378472782671452 35 0.006378472782671452 35 0.058884456129167526 0.5283000000000508
674 0.21297387778759003 35 0.21297387778759003 35 0.21689648981344678 0.5276000000000509
675 0.0024171406403183937 25 0.0014849635772407055 35 0.038061799377468994 0.526900000000051
676 0.01499731931835413 30 0.008665152825415134 35 0.013680886824729205 0.5262000000000511
677 0.0004939932841807604 26 0.0001558258372824639 35 0.008191837924895168 0.5255000000000511
678 0.01002432219684124 20 0.0020401515066623688 35 0.1786078317957798 0.5248000000000512
679 0.10076809674501419 32 0.08474499732255936 35 852.4192979737254 0.5241000000000513
680 0.006810610182583332 34 0.006758815608918667 35 0.052014356414483216 0.5234000000000514
681 0.034023139625787735 28 0.027782093733549118 35 0.3767403868564172 0.5227000000000515
682 0.034320905804634094 25 0.014844830147922039 35 0.38214504592318754 0.5220000000000515
683 0.004103343468159437 34 0.0031283553689718246 35 0.02342254976745228 0.5213000000000516
684 0.0001879639021353796 31 0.00011887185246450827 35 0.0005726585222603105 0.5206000000000517
685 0.09595439583063126 35 0.09595439583063126 35 0.28692574198045057 0.5199000000000518
686 0.0014230909291654825 35 0.0014230909291654825 35 0.005555237770719087 0.5192000000000518
687 0.01841350831091404 34 0.017902398481965065 35 0.2397554202264888 0.5185000000000519
688 0.0025938788894563913 32 0.00022103192168287933 35 0.017592004698633867 0.517800000000052
689 0.006562960334122181 32 0.006194210145622492 35 0.09234040034687466 0.5171000000000521
690 0.002824371447786689 35 0.002824371447786689 35 0.053654163009000395 0.5164000000000522
691 0.05285113304853439 35 0.05285113304853439 35 0.15167625948715702 0.5157000000000522
692 0.02418283000588417 32 0.0029295410495251417 35 0.07172488879921993 0.5150000000000523
693 0.0013099547941237688 28 0.00030111707746982574 35 0.03269157069129102 0.5143000000000524
694 0.0023306289222091436 35 0.0023306289222091436 35 0.03185736655749695 0.5136000000000525
695 0.05747700482606888 35 0.05747700482606888 35 0.13701679952128418 0.5129000000000525
696 0.0018458971753716469 35 0.0018458971753716469 35 0.004591181662209843 0.5122000000000526
697 0.0249466672539711 31 0.019306061789393425 35 0.26786684716937276 0.5115000000000527
698 0.004248442593961954 16 0.002758447080850601 35 0.04211385659668513 0.5108000000000528
699 0.032618049532175064 35 0.032618049532175064 35 0.06506438734153985 0.5101000000000528
700 0.07468151301145554 35 0.07468151301145554 35 415.6205880982683 0.5094000000000529
701 0.003542071208357811 35 0.003542071208357811 35 0.008395840155709069 0.508700000000053
702 0.002993602305650711 28 0.0021024732850492 35 0.029913726787208127 0.5080000000000531
703 0.0032629738561809063 35 0.0032629738561809063 35 0.033791661282618055 0.5073000000000532
704 0.003073532599955797 32 0.002535482868552208 35 0.026494102554406214 0.5066000000000532
705 0.004282982088625431 34 0.004219819791615009 35 0.0014116414178495615 0.5059000000000533
706 0.008635468780994415 35 0.008635468780994415 35 0.024625124771178366 0.5052000000000534
707 0.007479471620172262 35 0.007479471620172262 35 0.01910045263358895 0.5045000000000535
708 0.014198110438883305 32 0.009760074317455292 35 0.11130252743862984 0.5038000000000535
709 0.00480629550293088 28 0.0007949095452204347 35 0.04826189921144918 0.5031000000000536
710 0.0008660167222842574 35 0.0008660167222842574 35 0.008545586262043107 0.5024000000000537
711 0.026545140892267227 35 0.026545140892267227 35 0.2106801100661626 0.5017000000000538
712 0.0021374765783548355 35 0.0021374765783548355 35 0.01189189132563067 0.5010000000000538
713 0.08121652901172638 28 0.006157340481877327 35 2981.1984662371638 0.5003000000000539
714 0.031099854037165642 35 0.031099854037165642 35 0.005149790469092475 0.499600000000054
715 0.0057917432859539986 24 0.00408648606389761 35 0.05321710304305406 0.4989000000000541
716 0.00405074330046773 35 0.00405074330046773 35 0.016517304155646242 0.49820000000005416
717 0.005529152695089579 27 0.0011650020023807883 35 0.0639088676570177 0.49750000000005423
718 0.019934630021452904 23 0.003112258156761527 35 0.33887772995622206 0.4968000000000543
719 0.0006463151075877249 32 0.0003367581812199205 35 0.006776264230783846 0.4961000000000544
720 0.008095089346170425 35 0.008095089346170425 35 0.027071254865695293 0.49540000000005446
721 0.008913709782063961 35 0.008913709782063961 35 0.04951477253895462 0.49470000000005454
722 0.0028762284200638533 18 0.00035887511330656707 35 0.045768040211859436 0.4940000000000546
723 0.02899242751300335 32 0.02233593910932541 35 0.37538655602379545 0.4933000000000547
724 0.01066376082599163 35 0.01066376082599163 35 0.15840783474277972 0.49260000000005477
725 0.011036545969545841 21 0.0054346718825399876 35 0.09075727875094719 0.49190000000005485
726 0.002600434934720397 35 0.002600434934720397 35 0.009498982044465459 0.4912000000000549
727 0.021954603493213654 33 0.018297268077731133 35 0.21286358336739955 0.490500000000055
728 0.0037454310804605484 33 0.0030278859194368124 35 0.03334674256457257 0.4898000000000551
729 0.0025724354200065136 24 0.0016667756717652082 35 0.06304298090032046 0.48910000000005516
730 0.00027588350349105895 26 1.7241853129235096e-05 35 0.0027200198030024785 0.48840000000005523
731 0.006025799550116062 22 0.0010678969556465745 35 0.10887616684656966 0.4877000000000553
732 0.0015817403327673674 35 0.0015817403327673674 35 0.002113286181561034 0.4870000000000554
733 0.005324687343090773 34 0.0040546744130551815 35 0.027411280090107584 0.48630000000005547
734 0.007735412567853928 23 4.5982278606970794e-06 35 0.10987188503785905 0.48560000000005554
735 0.021520981565117836 35 0.021520981565117836 35 0.072764122105648 0.4849000000000556
736 0.040226828306913376 24 0.006343481130897999 35 0.10007582840321144 0.4842000000000557
737 0.020358841866254807 35 0.020358841866254807 35 0.032883650495547104 0.4835000000000558
738 0.03312763199210167 34 0.02594025619328022 35 0.14740845932074106 0.48280000000005585
739 0.0014473714400082827 31 0.0006755322683602571 35 0.01711060090947758 0.48210000000005593
740 0.009970901533961296 35 0.009970901533961296 35 0.03352165959814497 0.481400000000056
741 0.00119943602476269 26 3.965310497733299e-06 35 0.012024740300902058 0.4807000000000561
742 0.010012248530983925 35 0.010012248530983925 35 0.05305991987049969 0.48000000000005616
743 0.015705574303865433 27 0.005928064696490765 35 0.12490758043678192 0.47930000000005624
744 0.005083822645246983 29 0.0012884389143437147 35 0.06678564588690755 0.4786000000000563
745 0.0005912649212405086 32 0.00047421440831385553 35 0.006679655038919187 0.4779000000000564
746 0.018260037526488304 35 0.018260037526488304 35 0.12285871732111744 0.47720000000005647
747 0.0023516935762017965 27 0.0014936333755031228 35 0.017005917644736385 0.47650000000005654
748 0.00022932035790290684 35 0.00022932035790290684 35 0.0028575714197555057 0.4758000000000566
749 0.007527168374508619 35 0.007527168374508619 35 0.04035608912561604 0.4751000000000567
750 0.0010738414712250233 35 0.0010738414712250233 35 0.006815248165040062 0.4744000000000568
751 0.0034142157528549433 35 0.0034142157528549433 35 0.0138683413821429 0.47370000000005685
752 0.0038409081753343344 35 0.0038409081753343344 35 0.011829611473309725 0.47300000000005693
753 0.0005872606998309493 29 0.00014134033699519932 35 0.003143746511169384 0.472300000000057
754 0.006889704614877701 30 0.005935876630246639 35 0.05799997836457865 0.4716000000000571
755 0.02007259801030159 35 0.02007259801030159 35 0.08962821229734977 0.47090000000005716
756 0.001373794162645936 34 0.0010156534845009446 35 0.0029192544909646787 0.47020000000005724
757 8.686732326168567e-05 31 5.3800966270500794e-05 35 0.0005737992292932456 0.4695000000000573
758 0.006426516454666853 31 0.0017851745942607522 35 0.021555047610040526 0.4688000000000574
759 0.0051215277053415775 31 0.0020549697801470757 35 0.050467483718388016 0.46810000000005747
760 0.007987410761415958 33 0.002350941300392151 35 0.0226319463050831 0.46740000000005755
761 0.09043163061141968 35 0.09043163061141968 35 1312.4502790581637 0.4667000000000576
762 0.02231062762439251 35 0.02231062762439251 35 0.05656856842009186 0.4660000000000577
763 0.002460753545165062 35 0.002460753545165062 35 0.01668278017869241 0.4653000000000578
764 0.009044208563864231 34 0.004373484756797552 35 0.010073508245501076 0.46460000000005786
765 0.015982192009687424 35 0.015982192009687424 35 0.049728114424155895 0.46390000000005793
766 0.0008262149640358984 30 0.00043831346556544304 35 0.0022127218294048113 0.463200000000058
767 0.002289092168211937 35 0.002289092168211937 35 0.002418748172776711 0.4625000000000581
768 0.02263718843460083 35 0.02263718843460083 35 0.0823614211017574 0.46180000000005816
769 0.07647471129894257 35 0.07647471129894257 35 0.33086023686897054 0.46110000000005824
770 0.006943719927221537 35 0.006943719927221537 35 0.06673619978807702 0.4604000000000583
771 0.030554790049791336 32 0.029794842004776 35 0.23646823379883516 0.4597000000000584
772 0.007454562932252884 22 0.0001363692426821217 35 0.05255025375864633 0.4590000000000585
773 0.07647398859262466 31 0.057767752557992935 35 537.0483784265732 0.45830000000005855
774 0.0057315099984407425 24 0.004599745851010084 35 0.11299298963434386 0.4576000000000586
775 0.004967775195837021 35 0.004967775195837021 35 0.04048386463607163 0.4569000000000587
776 0.0013601342216134071 35 0.0013601342216134071 35 0.012309166879361635 0.4562000000000588
777 0.002411909168586135 35 0.002411909168586135 35 0.014204625144134982 0.45550000000005886
778 0.0001752596435835585 22 7.127413846319541e-05 35 0.002199357966873591 0.45480000000005893
779 0.0035664262250065804 33 0.0019512680592015386 35 0.019965164165512226 0.454100000000059
780 0.018219608813524246 28 0.003581562777981162 35 0.2940025565033689 0.4534000000000591
781 0.00023250603408087045 35 0.00023250603408087045 35 0.0013716174894752467 0.45270000000005917
782 0.027843741700053215 35 0.027843741700053215 35 0.15723593232443767 0.45200000000005924
783 0.0008991731447167695 32 0.000582284526899457 35 0.010736353594845876 0.4513000000000593
784 0.0020355754531919956 35 0.0020355754531919956 35 0.027509269670100474 0.4506000000000594
785 0.0010403638007119298 30 0.0001686694595264271 35 0.010257776483872097 0.4499000000000595
786 0.15518271923065186 33 0.10992762446403503 35 1869.6028639368612 0.44920000000005955
787 0.000737308815587312 33 0.00043331878259778023 35 0.0019626473987832704 0.44850000000005963
788 0.03060605563223362 35 0.03060605563223362 35 0.12193346226209772 0.4478000000000597
789 0.009104575961828232 35 0.009104575961828232 35 0.10352018301750417 0.4471000000000598
790 0.001262930571101606 32 0.0012214493472129107 35 0.016154530683186116 0.44640000000005986
791 0.006548520177602768 35 0.006548520177602768 35 0.009011297352305513 0.44570000000005994
792 0.0004262184083927423 17 1.0000808288168628e-05 35 0.006791493259879817 0.44500000000006
793 0.0011470105964690447 35 0.0011470105964690447 35 0.01216296820342797 0.4443000000000601
794 0.0007204724824987352 29 0.0001615854271221906 35 0.006339398389918583 0.44360000000006017
795 0.0011683652410283685 35 0.0011683652410283685 35 0.004002331775250535 0.44290000000006025
796 0.0022291848435997963 30 0.0020939635578542948 35 0.014499025094969635 0.4422000000000603
797 0.002339727245271206 35 0.002339727245271206 35 0.017327808981462786 0.4415000000000604
798 0.0003187009133398533 23 4.729989086627029e-05 35 0.0029763003246583244 0.4408000000000605
799 0.008297575637698174 35 0.008297575637698174 35 0.028644050241447446 0.44010000000006055
800 0.0010731066577136517 28 0.0005028479499742389 35 0.007663855492303595 0.43940000000006063
801 0.0009754757047630847 35 0.0009754757047630847 35 0.008435461187266072 0.4387000000000607
802 0.0013201514957472682 31 0.0011730965925380588 35 0.005629486120528511 0.4380000000000608
803 0.008698597550392151 35 0.008698597550392151 35 0.05340626926826662 0.43730000000006086
804 0.0063425153493881226 26 0.004004637710750103 35 0.09976796003682893 0.43660000000006094
805 1.1341397112119012e-05 32 8.522430107404944e-06 35 3.2247253626841566e-05 0.435900000000061
806 0.003981319256126881 29 0.00031272147316485643 35 0.01943225883152668 0.4352000000000611
807 0.00917322002351284 33 0.0037017285358160734 35 0.05386681998559233 0.43450000000006117
808 0.004884285386651754 20 0.00036931128124706447 35 0.036650551389490124 0.43380000000006125
809 0.0007324119796976447 33 0.0007266714819706976 35 0.007366872890560999 0.4331000000000613
810 0.0032345920335501432 30 0.0005775889148935676 35 0.013716510795881999 0.4324000000000614
811 0.0005375434993766248 32 0.000334711920004338 35 0.0023054938881590147 0.4317000000000615
812 0.006318028550595045 28 0.0032645913306623697 35 0.07979912893434925 0.43100000000006156
813 0.025010494515299797 35 0.025010494515299797 35 0.26718964513495663 0.43030000000006163
814 0.014136213809251785 25 0.0029546048026531935 35 0.085790498822473 0.4296000000000617
815 0.0027478020638227463 31 0.0012955502606928349 35 0.03808775417697228 0.4289000000000618
816 0.003747064620256424 29 0.0004781627794727683 35 0.009992051125089954 0.42820000000006186
817 0.006970096379518509 35 0.006970096379518509 35 0.06980169066134771 0.42750000000006194
818 0.0012578873429447412 30 0.0012531818356364965 35 0.00858544090816946 0.426800000000062
819 0.028363758698105812 35 0.028363758698105812 35 0.16853554300106655 0.4261000000000621
820 0.0006032136152498424 35 0.0006032136152498424 35 0.002695507855535398 0.4254000000000622
821 0.004213824402540922 29 0.0037023897748440504 35 0.007887424837088312 0.42470000000006225
822 0.0026249573566019535 35 0.0026249573566019535 35 0.01331694519559709 0.4240000000000623
823 0.0032756219152361155 33 0.0024408295284956694 35 0.0003822563476099643 0.4233000000000624
824 0.015599098056554794 33 0.014938934706151485 35 0.0004424412252991324 0.4226000000000625
825 0.0041550141759216785 27 0.0033328465651720762 35 0.06637213343493471 0.42190000000006256
826 0.0006480605807155371 35 0.0006480605807155371 35 0.0055504740752891114 0.42120000000006264
827 0.0019610922317951918 33 0.001932391431182623 35 0.014388604949313634 0.4205000000000627
828 0.004374762997031212 33 0.004129996057599783 35 0.008859662517972995 0.4198000000000628
829 0.01789569854736328 32 0.014685424976050854 35 0.26518579187466224 0.41910000000006287
830 0.0005473053897731006 35 0.0005473053897731006 35 0.0031401011723597196 0.41840000000006294
831 0.07764673233032227 35 0.07764673233032227 35 415.44818975690885 0.417700000000063
832 6.294500053627416e-05 32 5.492654236149974e-05 35 0.00019562570589192038 0.4170000000000631
833 0.014124433510005474 29 0.009398635476827621 35 0.11373533041404134 0.4163000000000632
834 0.005996882449835539 35 0.005996882449835539 35 0.03325799522641059 0.41560000000006325
835 0.009360614232718945 17 0.00011719682515831664 35 0.0608017442381955 0.41490000000006333
836 0.003321181982755661 31 0.002512178849428892 35 0.05593110606257573 0.4142000000000634
837 0.0686856284737587 35 0.0686856284737587 35 1797.4699355591804 0.4135000000000635
838 0.20849157869815826 35 0.20849157869815826 35 3407.9853645198573 0.41280000000006356
839 0.011602073907852173 29 0.000854819780215621 35 0.12867730999515364 0.41210000000006364
840 0.13012917339801788 35 0.13012917339801788 35 0.10409853961791891 0.4114000000000637
841 0.021167144179344177 28 0.005039532668888569 35 0.3055244157894541 0.4107000000000638
842 0.08247990161180496 35 0.08247990161180496 35 0.18773046655616682 0.41000000000006387
843 0.07404907047748566 33 0.068073570728302 35 2306.658103054121 0.40930000000006395
844 0.012517541646957397 32 0.005871359258890152 35 0.09029156397758002 0.408600000000064
845 0.029050564393401146 35 0.029050564393401146 35 0.2359086641994684 0.4079000000000641
846 0.041548289358615875 29 0.0034127163235098124 35 0.23345775323920331 0.4072000000000642
847 0.025201071053743362 21 0.008078155107796192 35 0.12905470025235424 0.40650000000006425
848 0.0013805521884933114 22 0.0011790943099185824 35 0.04023326949424809 0.40580000000006433
849 0.049766603857278824 32 0.026000553742051125 35 0.06484532548736179 0.4051000000000644
850 0.04022973030805588 35 0.04022973030805588 35 0.46726257223899725 0.4044000000000645
851 0.08824564516544342 35 0.08824564516544342 35 415.7006398010267 0.40370000000006456
852 0.027652926743030548 34 0.027012094855308533 35 0.2968857492093632 0.40300000000006464
853 0.04278850182890892 35 0.04278850182890892 35 0.24158260645039104 0.4023000000000647
854 0.4196837246417999 35 0.4196837246417999 35 3408.06137801746 0.4016000000000648
855 0.017376815900206566 26 0.011869427748024464 35 0.049434981667966046 0.40090000000006487
856 7.956162880873308e-05 25 7.175713108154014e-06 35 0.0007615750757648232 0.40020000000006495
857 0.0002487870224285871 15 5.2632276492659e-05 35 0.0030738607623455225 0.399500000000065
858 0.0037251373287290335 35 0.0037251373287290335 35 0.03394041277136946 0.3988000000000651
859 0.0007918160990811884 32 0.000730105850379914 35 0.008841123117870327 0.3981000000000652
860 0.00023246422642841935 29 9.699909423943609e-05 35 0.00010568745103272795 0.39740000000006526
861 0.0220299381762743 33 0.018776200711727142 35 0.2538873185240176 0.39670000000006533
862 0.11190205067396164 35 0.11190205067396164 35 1312.5928053054429 0.3960000000000654
863 0.0018269731663167477 35 0.0018269731663167477 35 0.008269105875154718 0.3953000000000655
864 0.051797688007354736 35 0.051797688007354736 35 0.35571834549831066 0.39460000000006556
865 0.009179027751088142 35 0.009179027751088142 35 0.1777893619451891 0.39390000000006564
866 0.010403832420706749 23 0.0020091950427740812 35 0.04713033330364082 0.3932000000000657
867 0.016500892117619514 35 0.016500892117619514 35 0.011449711155787863 0.3925000000000658
868 0.054979726672172546 35 0.054979726672172546 35 0.066655548339134 0.3918000000000659
869 0.020522333681583405 35 0.020522333681583405 35 0.0767482582884947 0.39110000000006595
870 0.001824275590479374 33 0.0013291623909026384 35 0.003222586915709532 0.390400000000066
871 0.0037620605435222387 35 0.0037620605435222387 35 0.022843989545875576 0.3897000000000661
872 0.0006016332190483809 33 0.0005151585210114717 35 0.0038362486957427074 0.3890000000000662
873 0.0009665520628914237 35 0.0009665520628914237 35 0.0031055299177003923 0.38830000000006626
874 0.0034037153236567974 30 0.000495025422424078 35 0.034315269284537556 0.38760000000006634
875 0.29558223485946655 35 0.29558223485946655 35 3408.2001886306816 0.3869000000000664
876 0.007453234866261482 35 0.007453234866261482 35 0.024521405871244305 0.3862000000000665
877 0.015041440725326538 35 0.015041440725326538 35 0.08019351603970583 0.38550000000006657
878 0.0037769742775708437 35 0.0037769742775708437 35 0.013520485758052316 0.38480000000006664
879 0.0006094796117395163 35 0.0006094796117395163 35 0.0006984178845710687 0.3841000000000667
880 5.746112219640054e-05 35 5.746112219640054e-05 35 0.00016685146804034276 0.3834000000000668
881 0.0002722507924772799 35 0.0002722507924772799 35 0.0006347494686521848 0.3827000000000669
882 0.010184865444898605 30 0.007363071199506521 35 0.14225730641511614 0.38200000000006695
883 0.0013207277515903115 35 0.0013207277515903115 35 0.0015478310501603895 0.38130000000006703
884 0.10580025613307953 35 0.10580025613307953 35 1312.6667048323866 0.3806000000000671
885 0.10385933518409729 35 0.10385933518409729 35 1312.6512369230088 0.3799000000000672
886 0.00430016266182065 35 0.00430016266182065 35 0.02006157256908908 0.37920000000006726
887 0.02600806951522827 27 0.01312393881380558 35 0.34680433464996674 0.37850000000006734
888 0.00025126084801740944 35 0.00025126084801740944 35 0.001339153446816668 0.3778000000000674
889 0.0008993188384920359 35 0.0008993188384920359 35 0.00380505468859068 0.3771000000000675
890 0.000556230719666928 35 0.000556230719666928 35 0.0055414930496903445 0.37640000000006757
891 0.0011288556270301342 31 0.0005476824007928371 35 0.015238304415831775 0.37570000000006765
892 0.00038772550760768354 25 0.00032760112662799656 35 0.0039527061233362035 0.3750000000000677
893 0.008676603436470032 29 0.0021786366123706102 35 0.04218109189231075 0.3743000000000678
894 0.0021707266569137573 29 0.0002457250375300646 35 0.003202878795180554 0.3736000000000679
895 0.0017069957684725523 31 0.0015130050014704466 35 0.020520663956499798 0.37290000000006795
896 0.05671726539731026 35 0.05671726539731026 35 0.16898806508631747 0.37220000000006803
897 0.0074279895052313805 31 0.002812083112075925 35 0.022479519758585653 0.3715000000000681
898 0.0003455357800703496 32 0.0001627009769435972 35 0.005500397010100057 0.3708000000000682
899 0.018991732969880104 35 0.018991732969880104 35 0.13163905799895226 0.37010000000006826
900 0.01066782046109438 34 0.010591056197881699 35 0.0718248072978447 0.36940000000006834
901 4.0453171095578e-05 27 3.012497654708568e-05 35 0.0010715608805073969 0.3687000000000684
902 0.0014566772151738405 32 0.0009657519985921681 35 0.008624571107318157 0.3680000000000685
903 0.0023642389569431543 26 0.0019063492072746158 35 0.03141128754882524 0.36730000000006857
904 0.00013333454262465239 24 0.0001107814023271203 35 0.0027708806286906367 0.36660000000006865
905 0.012007873505353928 35 0.012007873505353928 35 0.04623893836503788 0.3659000000000687
906 0.00035916207707487047 31 0.00029250315856188536 35 0.003968814164398173 0.3652000000000688
907 0.00027400729595683515 33 0.00024597803712822497 35 0.010278212584654813 0.3645000000000689
908 0.00011850133159896359 28 5.167446579434909e-05 35 0.0010785720878267798 0.36380000000006896
909 6.650692375842482e-05 35 6.650692375842482e-05 35 0.0012966593685125752 0.36310000000006903
910 0.003757680533453822 35 0.003757680533453822 35 0.026849049492210286 0.3624000000000691
911 0.002539165783673525 35 0.002539165783673525 35 0.010826287045977545 0.3617000000000692
912 0.00035859140916727483 27 0.0001236147654708475 35 0.00024193760372659493 0.36100000000006927
913 0.004491654224693775 35 0.004491654224693775 35 0.0215708745029905 0.36030000000006934
914 0.0001346298959106207 34 0.00012491470261011273 35 0.0013920683424174997 0.3596000000000694
915 0.006727933418005705 35 0.006727933418005705 35 0.027924117373030834 0.3589000000000695
916 0.000801404588855803 34 0.0007868014508858323 35 0.003844012974902103 0.3582000000000696
917 0.004805837292224169 28 0.0010273995576426387 35 0.03758683000157128 0.35750000000006965
918 0.00798814743757248 32 0.007301613222807646 35 0.005856526937997741 0.35680000000006973
919 0.0011865657288581133 35 0.0011865657288581133 35 0.004348642276357973 0.3561000000000698
920 0.0013459910405799747 31 0.00031354432576335967 35 0.008735632103674968 0.3554000000000699
921 0.0005131148500367999 23 0.00014083052519708872 35 0.006112789393730061 0.35470000000006996
922 0.0035521495155990124 26 1.3799844055029098e-05 35 0.05095244132188256 0.35400000000007004
923 0.00043355138041079044 31 0.0003199737402610481 35 0.0027262815077900814 0.3533000000000701
924 0.00023486492864321917 35 0.00023486492864321917 35 0.0004771529295372445 0.3526000000000702
925 0.0005300709744915366 35 0.0005300709744915366 35 0.0028647490190176574 0.35190000000007027
926 0.0011002231622114778 35 0.0011002231622114778 35 0.010256203923858398 0.35120000000007034
927 0.05825559422373772 30 0.014765598811209202 35 0.29309344436177226 0.3505000000000704
928 0.005170462187379599 31 0.005068468861281872 35 0.03583442584091233 0.3498000000000705
929 0.05802172049880028 35 0.05802172049880028 35 0.31974731875427487 0.3491000000000706
930 0.14910127222537994 35 0.14910127222537994 35 2993.2990761898136 0.34840000000007065
931 0.02343139238655567 35 0.02343139238655567 35 0.307692966081166 0.34770000000007073
932 0.05536480247974396 35 0.05536480247974396 35 0.15006267626296255 0.3470000000000708
933 0.0443875789642334 29 0.024385802447795868 35 0.2532458953752612 0.3463000000000709
934 0.0008856861968524754 35 0.0008856861968524754 35 0.020994738440342556 0.34560000000007096
935 0.0038052494637668133 35 0.0038052494637668133 35 0.019419934045239225 0.34490000000007104
936 0.1483832150697708 33 0.14059826731681824 35 0.11149186911431809 0.3442000000000711
937 0.01251342985779047 28 0.0018582380143925548 35 0.11490032833416652 0.3435000000000712
938 0.0009431857033632696 35 0.0009431857033632696 35 0.001558761230036633 0.34280000000007127
939 0.023400908336043358 30 0.01392463780939579 35 0.12578518768095578 0.34210000000007135
940 0.00659246277064085 32 0.005326142068952322 35 0.06822315669913907 0.3414000000000714
941 0.0002062868297798559 35 0.0002062868297798559 35 0.0012034512174355417 0.3407000000000715
942 6.2693958170712e-05 34 6.267652497626841e-05 35 0.0008777365226026666 0.3400000000000716
943 0.0008640346932224929 35 0.0008640346932224929 35 0.014494799136857603 0.33930000000007166
944 0.0009435053216293454 29 0.00024850343470461667 35 0.009239741846924127 0.33860000000007173
945 0.00025521538918837905 35 0.00025521538918837905 35 0.0012444186262434835 0.3379000000000718
946 0.0004140869132243097 30 0.00031192402821034193 35 0.0030965455055303914 0.3372000000000719
947 0.028301546350121498 35 0.028301546350121498 35 0.006859609394348469 0.33650000000007196
948 0.013674972578883171 35 0.013674972578883171 35 0.0374579960943517 0.33580000000007204
949 0.04438578709959984 33 0.03573446348309517 35 0.5843310202674327 0.3351000000000721
950 0.003646352794021368 35 0.003646352794021368 35 0.0022146954450785986 0.3344000000000722
951 0.000537570274900645 21 0.00011833063035737723 35 0.004071906197549465 0.33370000000007227
952 0.08408887684345245 35 0.08408887684345245 35 852.6379439487519 0.33300000000007235
953 0.0034024871420115232 35 0.0034024871420115232 35 0.024858886263928088 0.3323000000000724
954 0.011066891252994537 35 0.011066891252994537 35 0.06841663408681585 0.3316000000000725
955 0.0016430200776085258 35 0.0016430200776085258 35 0.009666562094983712 0.3309000000000726
956 0.001186047913506627 32 0.001112035708501935 35 0.004029795331323293 0.33020000000007266
957 0.010764078237116337 35 0.010764078237116337 35 0.012402949889305735 0.32950000000007273
958 0.00043226045090705156 35 0.00043226045090705156 35 0.0032250297044681903 0.3288000000000728
959 0.027132393792271614 35 0.027132393792271614 35 0.25246466007426577 0.3281000000000729
960 0.0027632624842226505 26 0.0009668975253589451 35 0.011322415827035947 0.32740000000007297
961 0.002163408324122429 35 0.002163408324122429 35 0.008659442967269834 0.32670000000007304
962 0.005317639093846083 35 0.005317639093846083 35 0.013353389694500733 0.3260000000000731
963 0.017055684700608253 35 0.017055684700608253 35 0.07803286133602315 0.3253000000000732
964 0.0015651514986529946 29 0.0007182742119766772 35 0.025420370787475843 0.3246000000000733
965 0.00020326627418398857 27 5.368958954932168e-05 35 0.0010533917491625162 0.32390000000007335
966 0.004274831153452396 33 0.003355105174705386 35 0.06213835181036739 0.32320000000007343
967 0.010075217112898827 35 0.010075217112898827 35 0.03997352219097688 0.3225000000000735
968 0.05096277594566345 34 0.049438945949077606 35 437.5427929972184 0.3218000000000736
969 0.002680824836716056 18 8.959564729593694e-05 35 0.04947153832675172 0.32110000000007366
970 0.017523538321256638 35 0.017523538321256638 35 0.030302197956788287 0.32040000000007374
971 0.010266990400850773 35 0.010266990400850773 35 0.12472022361602539 0.3197000000000738
972 0.033518169075250626 24 0.005201948806643486 35 0.051310087824865507 0.3190000000000739
973 0.41488075256347656 35 0.41488075256347656 35 2306.6478279257 0.31830000000007397
974 0.010798031464219093 35 0.010798031464219093 35 0.11539801183198334 0.31760000000007405
975 0.02674676850438118 35 0.02674676850438118 35 0.11416008001793729 0.3169000000000741
976 0.09955651313066483 35 0.09955651313066483 35 852.4102568419178 0.3162000000000742
977 0.0030170022509992123 35 0.0030170022509992123 35 0.0005443304461539055 0.3155000000000743
978 0.014656230807304382 35 0.014656230807304382 35 0.0325470586487991 0.31480000000007435
979 0.001437057857401669 27 0.00030522269662469625 35 0.025124594076639934 0.31410000000007443
980 0.010386882349848747 35 0.010386882349848747 35 0.1295254565620523 0.3134000000000745
981 0.3118992745876312 35 0.3118992745876312 35 6710.829628207881 0.3127000000000746
982 0.0001882658980321139 28 0.00011038708180421963 35 0.0014473202170133888 0.31200000000007466
983 0.00026436257758177817 31 0.0002170291409129277 35 0.0048627509264766305 0.31130000000007474
984 0.0027877483516931534 33 0.0027283106464892626 35 0.01653925358559042 0.3106000000000748
985 0.0028443641494959593 34 0.0027479880955070257 35 0.01625601352136732 0.3099000000000749
986 0.09607169777154922 35 0.09607169777154922 35 0.2903487004603567 0.30920000000007497
987 0.005696007050573826 27 0.0017387937987223268 35 0.08097396289680148 0.30850000000007505
988 0.009541470557451248 35 0.009541470557451248 35 0.04033210944821518 0.3078000000000751
989 0.0048821475356817245 35 0.0048821475356817245 35 0.001603331633675962 0.3071000000000752
990 0.00121965107973665 35 0.00121965107973665 35 0.030610093177189438 0.3064000000000753
991 0.07331512123346329 33 0.06212211027741432 35 0.5397920743207529 0.30570000000007536
992 0.17170384526252747 35 0.17170384526252747 35 2843.096068307837 0.30500000000007543
993 0.003694568993523717 23 0.002078524325042963 35 0.07769424297479631 0.3043000000000755
994 0.0067407856695353985 35 0.0067407856695353985 35 0.024804186264672554 0.3036000000000756
995 7.628052117070183e-05 34 7.435381121467799e-05 35 0.0009458970621813175 0.30290000000007566
996 0.08529266715049744 35 0.08529266715049744 35 0.15409606322351713 0.30220000000007574
997 0.001237483462318778 28 0.00011531401833053678 35 0.020350267174360916 0.3015000000000758
998 0.0018248960841447115 35 0.0018248960841447115 35 0.000149840700069262 0.3008000000000759
999 3.5527031286619604e-05 35 3.5527031286619604e-05 35 0.00017388792553482216 0.300100000000076
